0.001177
0.001177
0.001178
0.001178
0.001178
0.001179
0.001183
0.001193
0.001189
0.001123
0.001026
0.001038
0.001177
0.001575
0.002217
0.002182
0.001398
0.000697
0.000834
0.000961
-0.000395
-0.000699
0.000936
0.003806
0.005742
0.005041
0.002040
-0.002635
-0.007590
-0.009210
-0.005303
-0.000140
0.002606
0.007962
0.005966
-0.000157
0.003066
0.001375
0.001684
0.007462
0.017092
0.027805
0.006171
-0.009214
-0.014311
-0.030927
-0.040971
-0.021571
0.006556
0.029063
0.034749
0.024625
0.018274
0.005975
-0.030945
-0.040036
-0.007532
0.001153
0.012097
0.029727
0.041742
0.044945
0.032274
0.039849
0.026267
-0.029133
-0.080504
-0.106180
-0.100117
-0.056061
0.005319
0.080880
0.113129
0.104361
0.080473
0.060594
0.040845
0.012186
-0.038535
-0.074959
-0.114002
-0.122827
-0.065914
-0.019078
0.028987
0.076111
0.091299
0.097971
0.090420
0.056352
0.003234
-0.042576
-0.061872
-0.074704
-0.075678
-0.027923
0.010994
0.039793
0.055438
0.081378
0.101182
0.094838
0.059207
0.022857
-0.030971
-0.119717
-0.124722
-0.133332
-0.129421
-0.050572
0.016995
0.091508
0.162460
0.180458
0.103130
0.061846
-0.016340
-0.155269
-0.162230
-0.151203
-0.149196
-0.092044
0.001429
0.069595
0.104218
0.115299
0.079036
0.065388
0.044292
0.026307
0.040068
0.019789
0.006123
0.015303
-0.015650
-0.044732
-0.058487
-0.049515
-0.007267
0.013215
0.039769
0.055115
0.031830
0.020040
-0.005453
-0.038674
-0.063445
-0.085169
-0.090620
-0.063416
-0.035463
0.015861
0.053259
0.063370
0.073190
0.067180
0.062388
0.063661
0.068281
0.051400
0.031128
0.016203
-0.019632
-0.068325
-0.089445
-0.082791
-0.058146
-0.024381
0.002618
0.009201
-0.006020
-0.039775
-0.052516
-0.062291
-0.064809
-0.019641
0.024859
0.048872
-0.039316
-0.102181
-0.168674
-0.187919
-0.159572
-0.128249
-0.054930
0.070102
0.079467
0.093981
0.120747
0.110483
0.076752
0.067539
0.087787
0.096665
0.131829
0.178661
0.218749
0.238436
0.230327
0.182010
0.062893
-0.022113
-0.077257
-0.163521
-0.186465
-0.150404
-0.140436
-0.124053
-0.100230
-0.096085
-0.098626
-0.117315
-0.126757
-0.108104
-0.080128
-0.071449
-0.087242
-0.054831
-0.009537
-0.000006
0.026330
0.049797
0.052687
0.037521
0.013396
-0.048288
-0.094675
-0.086280
-0.027823
0.012689
0.005393
-0.068690
-0.115022
-0.128943
-0.135123
-0.120395
-0.109451
-0.125630
-0.153959
-0.198881
-0.223519
-0.176336
-0.160063
-0.186433
-0.207439
-0.217219
-0.228331
-0.211318
-0.183659
-0.151462
-0.118276
-0.082001
-0.040652
0.006840
0.056441
0.113268
0.172624
0.214216
0.244953
0.229832
0.205507
0.209462
0.245932
0.276710
0.306529
0.342057
0.310974
0.279065
0.256346
0.285441
0.347491
0.313018
0.207473
0.150698
0.180040
0.149375
0.031765
0.023540
0.035193
0.058762
0.054845
0.070304
0.066406
0.076635
0.143476
0.165419
0.075826
-0.045188
-0.011496
0.206062
0.147075
0.019922
0.133585
0.261206
0.207783
0.107456
0.075587
0.039422
0.106518
0.151358
0.163955
0.131943
0.117736
0.132566
0.158575
0.172653
0.173042
0.186426
0.246589
0.267448
0.205827
0.152420
0.127204
0.083392
0.040428
0.013931
-0.034686
-0.089647
-0.135259
-0.258642
-0.402503
-0.537343
-0.496288
-0.383781
-0.353981
-0.318213
-0.359290
-0.378234
-0.386733
-0.380763
-0.346156
-0.350353
-0.387848
-0.477738
-0.528930
-0.377850
-0.296511
-0.252583
-0.120599
-0.061429
-0.058937
0.022060
0.092105
0.113823
0.129127
0.090039
0.120883
0.167054
0.189540
0.141857
0.003118
-0.099614
-0.195384
-0.310748
-0.439179
-0.495167
-0.424213
-0.393880
-0.413460
-0.382221
-0.261426
-0.191986
-0.056759
0.074755
0.082693
0.140614
0.129667
0.094676
0.136531
0.190443
0.152790
0.062744
0.025025
-0.013205
-0.043055
-0.024813
-0.009211
-0.003557
0.046763
0.092102
0.111765
0.082074
0.090806
0.118588
0.105632
0.096893
0.097144
0.096918
0.100827
0.098361
0.090032
0.100533
0.118069
0.124608
0.139248
0.144122
0.120633
0.119996
0.154992
0.175192
0.204009
0.239030
0.262823
0.254466
0.214223
0.161127
0.084061
0.020374
-0.044253
-0.098094
-0.121500
-0.166786
-0.199531
-0.199390
-0.215010
-0.239885
-0.258897
-0.266526
-0.210371
-0.164429
-0.047883
0.053988
0.048437
0.085373
0.104162
0.070028
0.034585
0.000331
-0.020132
0.004627
0.067256
0.100712
0.159715
0.230782
0.269789
0.198383
0.219724
0.295976
0.281238
0.222590
0.172620
0.121357
0.082760
0.020551
-0.069325
-0.050888
-0.017424
-0.041611
-0.073947
-0.066199
-0.011611
0.014781
0.006259
-0.014851
-0.017422
-0.051666
-0.108686
-0.312194
-0.204188
-0.013053
0.004653
0.026115
0.033050
-0.005551
-0.092433
-0.134703
-0.142104
-0.123733
-0.061202
0.039802
0.119808
0.138365
0.111922
0.104324
0.118549
0.098038
0.052652
-0.085844
-0.076217
0.049260
0.027184
-0.047203
-0.056122
0.073094
0.148292
0.239932
0.246135
0.101093
0.063006
-0.003926
-0.059113
-0.038377
-0.003502
-0.003519
-0.037944
-0.068421
-0.142241
-0.196849
-0.218348
-0.217063
-0.391760
-0.583300
-0.679409
-0.352978
-0.185110
0.103834
0.467830
0.643443
0.483910
0.388321
0.434418
0.370082
0.286229
0.125223
-0.009914
-0.024092
0.004660
-0.015609
-0.236936
-0.362195
-0.394260
-0.116088
0.103377
0.287680
0.095115
-0.017093
-0.019657
-0.124249
-0.131413
-0.075180
-0.092763
-0.117404
-0.161849
-0.182899
-0.097601
-0.050771
-0.047074
-0.056132
-0.065140
-0.038373
-0.030093
-0.029139
-0.012579
0.018715
0.056753
0.083896
0.101512
0.120638
0.166320
0.179969
0.022873
-0.081979
-0.132775
-0.171069
-0.153300
-0.151873
-0.082890
-0.011919
0.062463
0.123924
0.068269
0.029866
0.021078
0.070581
0.108097
0.124189
0.169364
0.204903
0.221060
0.224983
0.211136
0.204609
0.198697
0.179401
0.150312
0.118135
0.088737
0.175081
0.231772
0.250298
0.313515
0.374393
0.424492
0.483793
0.465633
0.375576
0.288880
0.117146
0.007760
-0.047381
-0.066998
-0.212765
-0.389873
-0.492108
-0.646137
-0.708494
-0.590782
-0.574061
-0.497434
-0.364526
-0.293968
-0.242577
-0.171282
-0.141118
-0.328528
-0.467906
-0.624975
-0.533748
-0.309407
-0.284267
-0.168359
-0.010066
0.086082
0.123603
0.149195
0.244984
0.464236
0.713059
0.670911
0.499475
0.562025
0.582856
0.421478
0.291858
0.278956
0.293292
0.124196
-0.164495
-0.308407
-0.015387
0.134148
0.117245
0.145976
-0.026646
-0.186350
-0.386489
-0.475202
-0.416949
-0.340097
-0.246134
-0.048680
0.070313
0.137690
0.221771
0.194815
0.086256
0.076911
0.108825
0.150195
0.120144
-0.010243
-0.069263
-0.102783
-0.227608
-0.355114
-0.345971
-0.124432
0.059484
0.079883
0.099123
0.070420
0.055628
0.076080
0.095516
0.102972
0.118673
0.082079
0.045734
0.047140
0.059457
0.015494
-0.040786
-0.087093
-0.134915
-0.197635
-0.285852
-0.400781
-0.448599
-0.139604
0.067045
0.210086
0.318073
0.153468
0.231054
0.373273
0.387137
0.301917
0.099112
-0.033599
-0.160034
-0.100094
-0.114845
-0.236303
-0.395025
-0.484835
-0.249438
-0.124167
0.117197
0.157564
-0.135797
0.016640
0.174604
0.100028
0.108092
0.116098
0.123560
0.152041
0.116152
0.076115
0.099080
0.078006
0.027488
0.004423
-0.023637
-0.008311
0.045457
0.084657
0.093492
-0.025350
-0.087161
-0.092750
-0.143366
-0.149938
-0.093590
-0.156313
-0.264399
-0.155005
-0.033413
-0.078170
-0.165321
-0.018956
0.141308
0.233123
0.285933
0.139130
0.129951
0.153231
0.058153
0.035093
0.058312
-0.004433
-0.017196
0.049811
0.110039
0.159090
0.086023
-0.086130
-0.117084
-0.146769
-0.273274
-0.334650
-0.319582
-0.320118
-0.311739
-0.318576
-0.235080
-0.164200
-0.195066
-0.277348
-0.331640
-0.195700
-0.103113
-0.048392
0.060429
0.070172
0.079268
0.142048
0.227461
0.292459
0.176120
0.114225
0.073327
0.050841
0.227007
0.304446
0.172686
0.088237
0.072964
0.083058
0.088851
0.123310
0.107332
-0.045676
-0.017160
0.234780
0.312259
0.301438
0.318138
0.245304
0.162844
0.110941
0.032588
-0.025378
-0.020186
0.020998
0.032837
-0.115347
-0.190396
-0.198842
-0.098681
0.041132
0.044121
-0.145039
-0.296181
-0.834859
-1.198140
-0.748456
-0.610906
-0.602502
-0.345237
-0.329016
-0.278867
-0.020140
0.124330
0.231725
0.402101
0.629516
0.904745
0.708349
0.587058
0.556828
0.465735
0.468729
0.460189
0.480050
0.527441
0.576078
0.681307
0.696523
0.527784
0.324889
0.271516
0.277936
0.194026
0.030004
-0.172912
-0.301091
-0.258293
-0.123383
-0.086939
-0.007214
-0.188752
-0.445611
-0.649123
-0.503971
-0.225718
-0.172901
-0.021284
-0.156675
-0.529281
-0.739532
-0.996908
-1.238319
-0.855718
-0.627940
-0.535758
-0.206448
0.133294
0.061905
-0.138344
-0.025940
0.003942
-0.004411
0.026754
0.043450
0.077253
0.105737
0.190102
0.304525
0.485254
0.601642
0.509375
0.412612
0.374601
0.224098
0.119201
0.029624
-0.144448
-0.315975
-0.439898
-0.375626
-0.143529
-0.041787
0.155412
0.205357
0.148520
0.093286
0.016906
-0.057932
-0.101690
-0.168606
-0.257262
-0.303300
-0.349753
-0.460082
-0.395327
-0.075276
0.103978
0.346767
0.442146
0.171180
0.115636
0.095574
0.111091
0.203621
0.257281
0.293572
0.324210
0.311757
0.281980
0.279198
0.283933
0.299606
0.309428
0.307816
0.296374
0.232376
0.100034
-0.019392
-0.154614
-0.341608
-0.561516
-0.425116
-0.333162
-0.348157
-0.244080
-0.079930
0.052389
-0.032712
-0.060457
0.057908
0.087520
0.091424
0.133840
0.145616
0.154346
0.137987
0.076454
-0.028306
-0.115529
-0.191057
-0.286560
-0.368228
-0.430258
-0.406846
-0.272042
-0.078345
0.083715
0.175594
0.124251
0.160389
0.206387
0.166325
0.093681
0.058819
0.003694
-0.060770
-0.096189
-0.122719
-0.147355
-0.084130
-0.036591
-0.003989
0.062202
0.129931
0.172337
0.202498
0.193151
0.175410
0.163994
0.103106
0.053370
0.011145
-0.039548
-0.049546
-0.021298
-0.018551
-0.014286
-0.013592
-0.019495
-0.023482
-0.037269
-0.069609
-0.116418
-0.126494
-0.117364
-0.115751
-0.092260
-0.034782
0.027799
0.104101
0.172459
0.220977
0.236983
0.204364
0.198361
0.188030
0.163154
0.130702
0.067661
-0.014567
-0.062583
-0.104503
-0.171254
-0.227830
-0.259954
-0.224056
-0.144560
-0.109632
0.021499
0.101588
-0.052413
-0.090030
-0.068740
-0.103692
-0.076820
-0.069601
-0.101082
-0.107782
-0.094912
-0.019800
0.067553
0.094344
0.095459
0.073700
0.054358
0.046736
0.039084
0.031382
0.039532
0.052777
0.064296
0.085421
0.115859
0.141377
0.143595
0.163402
0.159777
0.110741
0.075985
0.036713
-0.011462
-0.031527
-0.037775
-0.058319
-0.074766
-0.090434
-0.140850
-0.178879
-0.204815
-0.239473
-0.245319
-0.255653
-0.263279
-0.184999
-0.089220
0.051952
0.097371
0.045219
0.030763
0.021529
0.026894
0.045925
0.063103
0.092741
0.084615
0.049639
0.018887
-0.002079
0.032163
0.072933
0.101698
0.078636
0.016833
0.007256
-0.004525
-0.024370
-0.039871
-0.061753
-0.092860
-0.136641
-0.214031
-0.253601
-0.099440
0.027149
0.105940
0.117536
0.049536
0.080403
0.139840
0.138132
0.118139
0.127519
0.151797
0.167440
0.147805
0.132094
0.117755
0.061298
0.021143
0.010652
0.000625
0.010315
0.007047
-0.006080
-0.003497
0.004587
-0.001224
-0.014825
-0.019545
-0.017746
-0.014168
-0.031329
-0.047592
-0.065649
-0.089798
-0.109992
-0.122575
-0.137295
-0.123419
-0.070562
-0.029427
0.007954
0.016073
0.020629
0.033215
0.055758
0.077955
0.083496
0.075608
0.063381
0.051702
0.051477
0.067556
0.067564
0.058528
0.035806
0.022452
0.016658
0.015222
0.001770
-0.015999
-0.045587
-0.052155
-0.046800
-0.048598
-0.059633
-0.072820
-0.091060
-0.105237
-0.089832
-0.049954
-0.023466
-0.004193
0.010240
0.028439
0.058791
0.091302
0.121172
0.132610
0.133170
0.115415
0.094501
0.056810
0.000253
-0.014404
-0.019413
-0.021874
-0.016063
-0.020260
-0.031472
-0.036830
-0.040510
-0.039740
-0.034687
-0.034239
-0.032175
-0.040050
-0.055649
-0.072410
-0.093731
-0.072335
-0.031882
0.027406
0.032424
0.030080
0.033244
0.035147
0.040111
0.034209
0.024055
0.006534
-0.008509
-0.002330
0.006002
-0.002976
-0.010401
-0.017018
-0.023742
-0.028845
-0.038281
-0.044281
-0.049555
-0.058459
-0.052858
-0.039152
-0.022096
0.006584
0.018508
0.027346
0.043630
0.043107
0.036057
0.026631
0.010900
-0.013993
-0.027052
-0.018594
-0.005813
-0.008392
-0.012083
-0.013851
-0.021126
-0.032478
-0.045099
-0.057534
-0.064484
-0.073339
-0.070552
-0.050253
-0.035470
-0.017249
-0.005027
-0.023321
-0.026566
-0.018708
-0.013134
-0.004640
0.008342
0.019304
0.027696
0.033121
0.036069
0.033213
0.019302
0.004675
-0.002119
-0.008163
-0.000752
0.014481
0.015732
0.002164
0.004167
0.003684
-0.006459
-0.011189
-0.019392
-0.033210
-0.042473
-0.038029
-0.030255
-0.023015
-0.010928
0.003561
0.011098
0.007132
-0.010337
-0.034586
-0.058559
-0.070579
-0.071141
-0.079330
-0.090047
-0.071673
-0.036037
-0.010498
-0.021113
-0.033627
-0.020315
-0.000364
0.016887
0.038008
0.035742
0.026632
0.036069
0.046052
0.058199
0.075953
0.078428
0.075471
0.064635
0.044685
0.004083
-0.017821
-0.024296
-0.037666
-0.040898
-0.039827
-0.033654
-0.026095
-0.015851
-0.005790
-0.013884
-0.012581
0.005789
0.025109
0.036972
0.037088
0.030293
0.034323
0.040217
0.037546
0.023208
0.014196
0.009483
0.018773
0.028474
0.033632
0.020532
0.001880
-0.013193
-0.022954
-0.026428
-0.019217
-0.005429
0.013297
0.038416
0.042243
0.043600
0.042504
0.035406
0.026130
0.013895
0.004430
-0.001849
0.018903
0.050171
0.044288
0.033472
0.036162
0.029152
0.012179
-0.001176
-0.009117
-0.017046
0.003252
0.025029
0.032464
0.034831
0.025417
0.016033
0.003259
-0.009106
-0.014465
-0.006472
0.007126
0.020046
0.033235
0.042360
0.051211
0.056396
0.057142
0.049338
0.037559
0.025097
0.023628
0.013262
0.002271
-0.000994
-0.007502
-0.013653
-0.008169
-0.004618
-0.004561
-0.001689
-0.007500
-0.015228
-0.017225
-0.007100
-0.003755
-0.004130
-0.018304
-0.025986
-0.011554
0.007794
0.018668
0.012806
0.018965
0.035612
0.038497
0.023301
0.006967
-0.011058
-0.022172
-0.014209
-0.010039
-0.016317
-0.018550
-0.010149
-0.003217
-0.005843
-0.014074
-0.013838
-0.014364
-0.017371
-0.019366
-0.021912
-0.024956
-0.027077
-0.020230
-0.009299
0.010262
0.016978
0.012553
0.021720
0.028732
0.030945
0.034729
0.024439
0.015106
0.012188
0.009491
0.005789
-0.004148
-0.017656
-0.030906
-0.037631
-0.043688
-0.037241
-0.010728
-0.000040
-0.014607
-0.019927
-0.020716
-0.016511
-0.017075
-0.021900
-0.015581
-0.005674
0.003562
0.010366
0.012797
0.010529
0.013637
0.012801
0.002225
-0.003807
-0.005673
0.005396
0.008156
-0.000216
-0.003646
-0.006894
-0.013656
-0.005924
0.003112
0.001736
0.008902
0.019812
0.025836
0.019701
-0.001057
-0.020927
-0.027679
-0.029906
-0.014833
-0.011437
-0.015768
-0.010083
-0.006261
-0.006274
-0.007401
-0.001893
0.003023
0.009190
0.019494
0.024739
0.014692
0.009945
0.010165
0.005332
0.002097
0.000339
-0.001225
0.001096
0.003338
0.004615
0.000337
-0.004387
-0.014844
-0.028593
-0.029698
-0.027965
-0.023707
-0.025787
-0.034532
-0.037549
-0.038370
-0.023203
-0.008663
0.000658
0.003558
-0.000014
0.012950
0.029476
0.023964
0.021756
0.015930
0.007752
0.009864
0.013848
-0.001358
-0.007544
-0.008811
-0.014931
-0.020205
-0.019179
-0.016323
-0.018930
-0.022228
-0.022972
-0.021304
-0.013860
-0.009808
-0.006171
-0.002278
-0.003658
-0.001813
0.004041
0.006749
0.008245
0.009660
0.011298
0.009500
0.008311
0.007970
0.006660
0.006201
0.011021
0.010146
-0.000402
-0.003845
-0.005150
-0.010125
-0.014111
-0.010246
0.000975
0.006280
0.013249
0.013846
0.008615
0.015435
0.023233
0.021848
0.018360
0.027401
0.021477
0.003055
-0.011572
-0.015531
-0.023904
-0.005954
0.012617
0.020835
0.028602
0.020406
0.015141
0.007127
-0.002495
-0.011254
-0.019161
-0.013834
-0.007205
-0.004423
0.007290
0.019850
0.021693
0.017871
0.017873
0.026183
0.022633
0.014514
0.003604
-0.002848
-0.007410
-0.003506
-0.000553
0.004111
0.013143
0.021463
0.024110
0.017928
0.012994
0.010490
0.005282
-0.001887
0.001467
0.010734
0.012247
0.015642
0.009863
0.005367
0.009925
0.014921
0.011827
0.008652
0.001775
-0.007096
-0.012587
-0.018873
-0.024304
-0.025087
-0.019493
-0.011947
0.011543
0.011732
0.002022
-0.001768
-0.005763
-0.002823
0.001945
0.002636
0.005402
0.007696
0.001216
-0.005088
-0.010923
-0.017807
-0.023098
-0.025927
-0.019939
-0.010937
0.003872
0.021406
0.020736
0.026334
0.030181
0.024420
0.016883
0.006461
-0.014731
-0.014713
-0.008145
-0.013069
-0.008019
0.000653
0.011999
0.012567
0.002332
0.002605
0.001237
-0.002393
-0.006527
-0.016678
-0.023795
-0.025438
-0.019861
-0.012729
-0.002736
0.008013
0.015087
0.016883
0.016518
0.012019
0.007662
0.002804
-0.002657
0.001708
0.005347
0.007151
0.010330
0.007899
0.004627
0.002129
-0.007040
-0.011182
-0.009517
-0.005184
-0.003494
-0.005439
-0.003337
0.003592
0.004547
0.004228
0.003242
0.000735
0.000237
0.006182
0.011305
0.014944
0.018554
0.019092
0.018385
0.015183
0.012129
0.009511
0.006079
0.003796
0.008759
0.011512
0.010917
0.009929
0.009103
0.011530
0.015608
0.016535
0.009459
0.004055
-0.006978
-0.016723
-0.020808
-0.023627
-0.023480
-0.017439
-0.013060
-0.006228
0.000472
0.000196
-0.002700
-0.004942
-0.009672
-0.012811
-0.010054
-0.008897
-0.013129
-0.014894
-0.011061
-0.005307
-0.004524
-0.006368
-0.006973
-0.001262
0.003620
-0.000042
-0.013274
-0.016371
-0.009693
-0.006381
-0.004735
0.000933
0.007963
0.012632
0.004152
-0.008181
-0.021039
-0.032938
-0.037915
-0.037473
-0.031968
-0.024461
-0.007013
0.008856
0.010115
0.011058
0.010119
0.010415
0.006121
-0.007266
-0.019877
-0.017420
0.001168
0.004266
0.005927
0.001754
0.001790
0.007178
0.006295
-0.001460
-0.007926
-0.023288
-0.019554
-0.012434
-0.016062
-0.023169
-0.022047
-0.006129
0.007339
0.007372
0.006934
0.008622
0.011517
-0.000918
-0.015714
-0.025394
-0.018843
-0.006858
-0.005607
0.001421
0.008153
0.009717
0.010773
0.005784
0.004993
0.003674
-0.000612
-0.006092
-0.010639
-0.013874
-0.010921
0.001458
0.004190
-0.002354
-0.014883
-0.022053
-0.012605
-0.000585
0.002092
0.008098
0.012214
0.015393
0.015131
0.007796
-0.000195
-0.011387
-0.017372
-0.010892
0.003789
0.010244
0.013000
0.015883
0.014360
0.004350
-0.005641
-0.014371
-0.022022
-0.027777
-0.024896
-0.013004
-0.008986
-0.009918
-0.008802
0.000375
0.008270
0.013886
0.017009
0.010213
0.002452
-0.000296
0.002656
0.010005
0.016750
0.024141
0.027453
0.020717
0.015207
0.001949
-0.019157
-0.016244
-0.018381
-0.024786
-0.024475
-0.020877
-0.012260
-0.000007
-0.000892
-0.010292
-0.007985
0.003477
0.007156
0.014199
0.018741
0.020802
0.024083
0.023877
0.016240
0.005659
-0.004298
-0.001435
0.006383
0.016831
0.021838
0.022293
0.021686
0.020215
0.024435
0.026155
0.022345
0.021060
0.021412
0.020434
0.020971
0.017687
0.007237
-0.006816
-0.012299
-0.014675
-0.018329
-0.019398
-0.018001
-0.016676
-0.017510
-0.016000
-0.009119
-0.004486
0.002160
0.009553
0.009509
0.004287
0.004623
0.003485
0.004617
0.001875
0.000064
0.006361
0.012967
0.024290
0.036895
0.039556
0.039280
0.033296
0.025481
0.010577
-0.005710
-0.020223
-0.014267
-0.004886
-0.012550
-0.017897
-0.013763
-0.009331
-0.009491
-0.013678
-0.006421
0.012126
0.020243
0.033650
0.036722
0.022296
0.018170
0.010278
-0.002383
-0.007820
-0.013972
-0.023453
-0.027655
-0.032754
-0.024896
-0.014607
0.011412
0.024332
0.022873
0.028641
0.026890
0.020096
0.012387
0.006033
0.002085
0.000848
0.006204
0.008738
0.003789
-0.001403
-0.005552
-0.010404
-0.008515
-0.000337
0.003328
0.007454
0.005407
-0.005528
-0.009195
-0.013679
-0.019967
-0.024507
-0.021804
-0.017040
-0.007271
0.003043
0.007096
0.009193
0.008577
0.005677
-0.001296
-0.010294
-0.016025
-0.015151
-0.007611
-0.003748
0.000781
-0.000074
-0.002590
-0.005603
-0.010734
-0.018055
-0.021587
-0.014259
-0.010489
-0.000836
0.001614
-0.008777
-0.009834
-0.007718
-0.005896
-0.003654
-0.000765
0.003184
0.008757
0.011074
0.006937
0.000372
-0.006239
-0.013160
-0.018052
-0.015920
-0.015736
-0.016862
-0.015664
-0.016212
-0.017103
-0.019275
-0.022528
-0.017229
-0.011183
-0.004299
-0.000558
0.003021
0.006366
0.008003
0.014516
0.022889
0.026338
0.018680
0.004819
-0.004573
-0.012820
-0.006751
-0.010012
-0.016444
-0.017959
-0.023947
-0.022520
-0.013404
-0.010413
-0.011698
-0.012803
-0.003897
0.007953
0.013761
0.009093
0.003790
-0.003975
0.009501
0.022249
0.024118
0.019628
0.018869
0.021850
0.027299
0.029663
0.032951
0.032167
0.024046
0.019175
-0.002164
-0.015226
-0.012082
-0.012908
-0.014776
-0.018436
-0.020202
-0.014570
-0.010379
-0.012824
-0.018790
-0.014405
-0.003577
0.002661
0.010519
0.015014
0.017445
0.018062
0.016141
0.013411
0.011528
0.012638
0.017693
0.019701
0.017573
0.012315
0.006016
-0.000865
-0.012270
-0.022067
-0.022911
-0.016650
-0.009168
-0.001787
0.001170
-0.004782
-0.001033
0.002760
0.000284
-0.004641
-0.009186
-0.008623
-0.003074
-0.006390
-0.012375
-0.018677
-0.028517
-0.025302
-0.015518
-0.008535
0.000417
0.009149
0.014511
0.018882
0.020700
0.016174
0.007097
-0.000753
-0.008000
-0.000860
0.000813
-0.004842
-0.005618
-0.002280
0.000692
0.000220
-0.001424
-0.000908
0.001946
-0.002201
-0.007595
-0.011254
-0.013220
-0.014942
-0.015931
-0.012916
-0.011022
-0.006313
-0.004500
-0.008053
-0.008494
-0.006262
-0.005203
-0.004466
-0.008016
-0.010156
-0.007952
-0.006894
-0.005076
-0.000961
0.004233
0.008507
0.010526
0.009189
0.005419
0.001731
-0.004366
-0.011647
-0.011447
-0.005736
-0.006437
-0.004831
-0.001494
-0.002119
-0.004445
-0.003746
0.000416
0.003313
0.005026
0.005797
0.001112
-0.002823
-0.011542
-0.023602
-0.028372
-0.020485
-0.010098
0.020814
0.038299
0.031758
0.036848
0.039337
0.034262
0.023058
0.006637
-0.011505
-0.010596
0.001906
0.001343
-0.000105
-0.005581
-0.007217
-0.010100
-0.005469
0.002443
0.015381
0.024285
0.022123
0.013893
0.010815
0.002341
-0.007097
-0.007554
0.004086
0.008327
0.011682
0.017327
0.020208
0.016480
0.005466
-0.002920
-0.007059
-0.011934
-0.017339
-0.021393
-0.023733
-0.016803
-0.011897
-0.007885
-0.000202
0.002998
-0.001409
0.004410
0.010625
0.011525
0.014327
0.015597
0.018124
0.021820
0.017412
0.013245
0.012013
0.005057
-0.004522
-0.010575
-0.018953
-0.028388
-0.031643
-0.033861
-0.030775
-0.026327
-0.014245
-0.003100
0.001590
0.006863
0.009313
0.004937
-0.001702
-0.005341
-0.005796
0.003259
0.007303
0.006459
0.004409
0.006645
0.010600
0.008543
0.005037
0.003912
0.001354
0.001173
0.004300
0.004042
0.003825
0.003436
0.001601
-0.005166
-0.015233
-0.021515
-0.028344
-0.032011
-0.033781
-0.026794
-0.011342
0.003538
0.003966
-0.001863
-0.002554
0.001364
-0.001694
-0.009488
-0.013387
-0.012900
-0.003247
0.002140
0.008904
0.011973
0.012766
0.011145
0.010391
0.013872
0.009236
-0.001330
-0.005910
-0.012034
-0.008872
-0.007035
-0.010659
-0.011158
-0.014997
-0.017065
-0.020339
-0.019983
-0.014219
-0.006769
-0.010115
-0.011920
-0.010846
-0.013690
-0.015779
-0.012685
-0.004957
0.002837
0.012087
0.016587
0.020724
0.023418
0.024399
0.019346
0.010794
0.000537
-0.000512
0.005318
0.004607
-0.003202
-0.006272
-0.006775
-0.004807
-0.004321
-0.006111
-0.006568
-0.008662
-0.013417
-0.018561
-0.022309
-0.024162
-0.021480
-0.018853
-0.016116
-0.010515
-0.006754
-0.002761
-0.000944
0.004388
0.011412
0.016527
0.022600
0.025639
0.023308
0.022537
0.020059
0.016675
0.014283
0.009017
0.010514
0.009135
0.005192
0.004025
0.001364
-0.001205
-0.002889
-0.002842
0.000118
0.002090
0.004421
0.004543
0.001886
0.001246
-0.000220
-0.000172
0.003021
0.004274
0.006106
0.003430
-0.002395
-0.006043
-0.008497
-0.005514
-0.001721
0.000648
0.004747
0.007863
0.010581
0.010539
0.010419
0.014354
0.008852
0.005163
0.005409
0.006028
0.004875
0.001305
0.000536
0.002632
0.004593
0.003067
-0.000895
-0.002474
-0.003330
-0.002294
-0.002157
-0.002603
-0.003541
-0.004671
-0.006248
-0.007933
-0.009793
-0.008885
-0.003336
-0.000530
0.002991
0.007147
0.008876
0.010515
0.008976
0.007166
0.005117
0.005813
0.009164
0.009427
0.007979
0.007673
0.009230
0.010524
0.011559
0.012331
0.006348
0.002362
0.002391
-0.000141
-0.003117
-0.005416
-0.006823
-0.007861
-0.004873
-0.002775
-0.002219
-0.004538
-0.004570
-0.000032
0.001084
0.002361
0.004478
0.002909
-0.004776
-0.008714
-0.011316
-0.012039
-0.003769
0.005208
0.012704
0.018716
0.024643
0.022890
0.013541
0.001867
-0.009670
-0.020594
-0.015610
-0.011718
-0.010232
-0.003652
-0.000431
0.002858
0.000250
-0.008408
-0.007292
0.000418
0.000365
-0.004382
-0.008387
-0.004739
0.001801
0.003439
0.005710
0.001454
0.003914
0.009375
0.010272
0.012243
0.010043
0.008890
0.006751
0.002228
-0.002079
-0.009853
-0.013736
-0.013954
-0.011538
-0.009346
-0.005842
-0.002031
-0.001425
-0.003276
-0.003693
-0.007848
-0.012261
-0.016135
-0.014529
-0.007547
-0.003355
0.003141
0.005398
0.006365
0.008288
0.005405
0.002861
-0.001726
-0.004945
0.001959
0.004608
0.004731
0.008826
0.011201
0.009472
0.004318
0.000475
-0.005343
-0.012468
-0.016468
-0.020754
-0.024712
-0.023473
-0.017361
-0.010577
0.000379
0.000961
0.002672
0.006397
0.006649
0.006808
0.003700
0.000993
0.005836
0.009648
0.007795
0.001794
-0.001798
-0.004035
-0.002324
-0.002392
-0.003115
-0.002764
-0.003169
-0.005800
-0.007603
-0.009481
-0.014567
-0.015048
-0.007751
-0.002703
0.002933
0.007748
0.004595
-0.000991
0.000393
0.003458
0.001467
-0.001189
0.000512
0.003924
0.005694
0.008992
0.010511
0.010570
0.008702
0.006475
0.004464
0.001168
-0.001027
0.001539
0.003339
0.002389
0.002198
0.003885
0.004297
0.004473
0.005107
0.005546
0.005582
0.005770
0.004342
0.001343
-0.000760
-0.003287
0.000174
0.005489
0.006475
0.008688
0.010665
0.008869
0.002453
-0.001719
-0.002167
0.003132
0.003416
0.003418
0.005451
0.006647
0.006094
0.003544
0.002289
0.000232
-0.002985
-0.003801
0.000783
0.002477
-0.000884
-0.001246
0.000259
0.001807
0.002644
0.002357
-0.001567
-0.002716
-0.002018
0.000139
0.001381
0.001935
0.002357
0.000154
-0.000859
-0.001113
-0.000242
0.002555
0.003980
0.006083
0.008561
0.008712
0.006691
0.007120
0.007704
0.005011
-0.000447
-0.004057
-0.008401
-0.012348
-0.014105
-0.009665
-0.007284
-0.005421
0.001062
0.004272
0.005135
0.009383
0.012469
0.009676
0.006267
0.005735
0.004601
0.002859
0.001785
0.002032
0.005087
0.007315
0.010758
0.012490
0.011023
0.007794
0.004153
-0.001788
-0.008053
-0.012060
-0.014489
-0.010401
-0.005195
-0.003150
-0.000381
-0.003640
-0.006862
-0.007565
-0.006102
-0.006182
-0.004930
-0.002519
-0.000505
0.002050
0.003079
0.001460
0.002764
0.006864
0.008873
0.011870
0.011303
0.002742
0.001946
0.005942
0.004625
0.004915
0.004015
0.001832
-0.002239
-0.006741
-0.009724
-0.012691
-0.006452
-0.001029
0.000432
0.002435
-0.000523
-0.001623
-0.001923
-0.003860
-0.006208
-0.009001
-0.008742
-0.005674
-0.005336
-0.004728
-0.003649
-0.002764
-0.000457
0.001726
0.003535
0.005562
0.004931
0.004114
0.005683
0.006487
0.004935
0.004338
0.005413
0.006395
0.006056
0.005831
0.005091
0.003644
0.000314
-0.005314
-0.008801
-0.012770
-0.017490
-0.015406
-0.007970
-0.006772
-0.004917
-0.005686
-0.006298
-0.000973
0.001575
0.003494
0.007661
0.010285
0.009113
0.007998
0.006542
0.005255
0.003884
0.000803
-0.002518
-0.005324
-0.009349
-0.010033
-0.006838
-0.006769
-0.006274
-0.005067
-0.004252
-0.001773
0.002783
0.005613
0.007903
0.004366
0.001221
-0.001262
0.004305
0.007120
0.005614
0.008111
0.007416
0.008065
0.010061
0.010128
0.009039
0.008431
0.007069
0.001801
-0.002984
-0.008361
-0.011785
-0.007959
-0.005115
-0.003788
0.000141
0.002402
0.000741
0.000861
0.000764
-0.000946
-0.002557
-0.002789
0.002876
0.005388
0.005262
0.007140
0.007830
0.009470
0.010655
0.006994
0.002570
0.001364
0.000706
0.002071
-0.000810
-0.002651
0.000078
0.000427
-0.002119
-0.003976
-0.001559
0.004157
0.008226
0.011465
0.009860
0.003703
0.001197
-0.002436
-0.007123
-0.004807
0.000058
-0.000916
-0.001355
-0.003789
-0.002717
0.002934
0.006971
0.012791
0.013928
0.014300
0.010817
0.007872
0.005007
0.000489
-0.001211
-0.001440
-0.007310
-0.012525
-0.018470
-0.015010
-0.008168
-0.007137
-0.002633
-0.002000
-0.006072
-0.000420
0.002752
0.004500
0.001980
-0.002752
0.001584
0.006663
0.006967
0.008722
0.010662
0.009960
0.004421
0.001384
-0.000285
-0.001624
-0.000032
-0.001400
-0.003275
-0.002201
-0.001113
-0.003082
-0.004666
-0.004362
-0.004744
-0.004289
-0.003570
-0.002903
-0.001819
-0.000666
0.001424
0.002353
0.001603
0.002142
0.003553
0.004756
0.005797
0.006000
0.004488
0.002447
-0.000514
-0.000823
-0.002418
-0.003803
-0.003569
-0.004224
-0.005507
-0.006137
-0.005519
-0.004747
-0.004553
-0.003904
-0.003199
-0.002440
-0.001261
-0.000282
0.000694
0.001739
0.002395
0.003058
0.002855
0.002252
0.002183
0.001491
-0.001355
-0.003527
-0.005301
-0.004720
-0.000343
0.001357
0.003723
0.006373
0.002249
-0.001166
-0.004443
-0.009248
-0.003074
-0.002214
-0.006639
-0.004740
0.000953
0.003403
0.005332
0.005504
0.010115
0.017328
0.013322
0.004404
0.002748
-0.001904
-0.000810
0.002487
-0.000534
0.000843
0.006744
0.009907
0.011238
0.002696
-0.003502
-0.007351
-0.007750
0.000946
0.000408
-0.002772
0.002984
0.004985
0.005351
0.003479
-0.001522
-0.003773
-0.003856
-0.001842
-0.003611
-0.008231
-0.010438
-0.010617
-0.006113
-0.003684
-0.001629
0.002037
0.005152
0.008068
0.008726
0.003336
0.000661
-0.001696
-0.002493
0.000438
0.000538
0.001549
0.003292
-0.000077
-0.002988
0.001645
0.001585
-0.002289
-0.004294
-0.005361
-0.004193
-0.003082
-0.005423
-0.009761
-0.011128
-0.006689
-0.002437
-0.000406
0.003025
0.006829
0.011199
0.014714
0.010093
0.001220
-0.002245
-0.007935
-0.013113
-0.016947
-0.014760
-0.010065
-0.005277
0.000004
0.001046
-0.002148
0.002353
0.004394
0.000544
-0.004344
-0.002308
0.002757
0.003610
0.006092
0.009694
0.012314
0.014432
0.013165
0.014602
0.010209
0.001194
-0.002557
-0.006163
-0.004834
-0.002371
-0.001338
0.001607
0.004475
0.005239
0.000507
-0.000465
-0.001117
-0.004076
-0.001973
0.004886
0.008048
0.009316
0.006628
0.003968
0.001657
-0.000614
-0.001889
-0.001489
-0.001603
-0.001882
-0.002179
-0.004039
-0.006519
-0.010232
-0.013339
-0.013540
-0.006914
-0.002631
0.005908
0.011358
0.008781
0.001162
-0.003849
-0.009224
-0.001789
0.005986
0.008312
-0.001554
-0.011292
-0.012396
-0.017396
-0.006406
0.001495
0.003933
0.004892
-0.008420
-0.015382
-0.019520
-0.008325
0.001363
0.000723
0.005996
0.000169
-0.005791
-0.005590
-0.003900
-0.004257
-0.004338
-0.006319
-0.008111
-0.008793
-0.006746
-0.004944
-0.003211
0.000313
0.003014
0.005750
0.007865
0.002191
0.000080
0.002690
-0.000180
-0.002223
-0.003604
-0.006739
-0.009080
-0.007865
-0.001134
0.000017
-0.003747
0.000090
0.007262
0.008806
0.001765
-0.007163
-0.010471
-0.006192
-0.001644
-0.000340
-0.002331
-0.005676
0.005522
0.010362
0.009546
0.006082
0.003611
0.003684
0.006575
0.001489
0.000599
0.007441
0.009269
0.005232
-0.002569
-0.004096
-0.008351
-0.014142
-0.016093
-0.012243
-0.015494
-0.014183
-0.007857
-0.007062
-0.007099
-0.002084
0.000983
-0.006486
-0.015387
-0.013010
0.000233
0.003559
0.003241
0.007382
0.014191
0.005432
-0.007889
-0.009442
-0.012679
-0.015032
-0.012160
-0.014035
-0.008216
0.003943
0.009492
0.012284
0.003855
-0.002454
-0.011749
-0.022388
-0.017939
-0.004389
-0.001121
-0.000983
-0.001940
-0.004017
-0.003527
0.004633
0.008999
0.002404
-0.004366
-0.005407
0.001704
0.013527
0.028913
0.013925
-0.011453
-0.010428
-0.011073
-0.006603
0.012317
0.013948
0.013091
0.007844
0.003905
0.013273
0.025844
0.041236
0.053454
0.043364
0.022144
0.017285
0.014111
0.021305
0.035653
0.019517
0.001576
0.002039
0.000310
-0.006442
-0.003360
-0.004991
-0.019472
-0.020338
0.012003
0.034279
0.033808
0.040732
0.040794
0.008556
-0.034696
-0.056724
-0.082629
-0.074611
-0.077991
-0.101287
-0.058727
0.026865
0.044624
-0.010183
-0.031076
-0.033863
-0.040810
-0.009379
0.016618
0.014065
0.015860
0.018172
0.018520
0.026493
0.034923
0.042151
0.044475
0.037203
0.043710
0.049123
0.033941
0.009067
-0.023222
-0.042438
-0.043602
-0.037820
-0.018483
-0.018572
-0.020591
-0.009886
-0.008029
0.002145
0.016245
0.030643
0.042933
0.052814
0.061885
0.047903
0.036330
0.031141
0.006722
-0.019407
-0.030292
-0.035988
-0.015356
0.004704
0.022581
0.017558
0.011251
0.024827
0.029864
0.015258
0.004428
-0.007823
-0.019833
-0.015912
-0.002273
0.007880
0.010588
0.004526
0.014006
0.021804
0.014360
0.014541
0.024021
0.020793
0.003617
-0.013078
-0.045367
-0.075065
-0.067549
-0.042461
0.010308
0.062568
0.059863
0.037223
0.032847
0.021123
0.005805
-0.004818
-0.018961
-0.036372
-0.058233
-0.082373
-0.089274
-0.072775
-0.040451
-0.003992
0.014702
0.018760
0.038822
0.065927
0.071461
0.058050
0.033542
-0.021918
-0.044798
-0.032475
-0.028581
-0.035573
-0.021841
0.001490
0.034202
0.045324
0.013216
0.006869
-0.003718
-0.034073
-0.045645
-0.049081
-0.064232
-0.072687
-0.054501
0.011293
0.072860
0.081200
0.035453
0.028958
0.037803
0.021492
-0.021334
-0.058779
-0.066157
-0.020094
0.007275
0.047763
0.067014
0.060968
0.056591
0.029956
-0.003056
-0.034618
-0.044338
-0.036744
-0.035108
-0.053445
-0.055795
-0.019128
0.012038
0.022550
0.015156
0.023339
0.035567
0.042044
0.056327
0.041982
0.007154
-0.010759
-0.023463
-0.037255
-0.023113
-0.021748
-0.052571
-0.073435
-0.066412
-0.050327
-0.031046
-0.000462
0.010303
0.017341
0.051964
0.071727
0.067249
0.052273
0.024513
-0.004384
-0.004898
0.009013
0.011510
0.011330
0.011839
0.001495
-0.011258
-0.016402
-0.021668
-0.025311
-0.023527
-0.019445
-0.019016
-0.019923
-0.019972
-0.007212
0.002807
0.003465
-0.005674
-0.012495
-0.018946
-0.020057
-0.021071
-0.014710
-0.002844
0.011538
0.021411
0.024860
0.023139
0.029587
0.035014
0.036494
0.028451
0.011489
-0.012651
-0.020792
-0.020237
-0.005455
0.001021
0.001183
0.003465
0.008563
0.008524
-0.003149
-0.023851
-0.022505
-0.019960
-0.015360
-0.009959
-0.000841
0.011401
0.018787
0.018762
0.009733
0.000529
-0.004328
-0.012322
-0.018493
-0.019337
-0.017212
-0.008200
0.004925
0.010589
0.006301
0.000562
0.001125
0.004901
0.005253
0.002566
0.007670
0.017165
0.020950
0.018257
0.007230
-0.009754
-0.017270
-0.023700
-0.027774
-0.030729
-0.033090
-0.022502
-0.012690
-0.003017
0.005919
0.003968
0.000083
0.004559
0.005648
0.004445
0.002150
0.003979
0.014675
0.024575
0.024523
0.021576
0.020083
0.016424
0.010960
0.001158
-0.004517
-0.006417
-0.009978
-0.008357
-0.011681
-0.013466
-0.008086
-0.002614
0.000162
0.000925
-0.002400
0.002864
0.005983
0.006107
0.004049
0.005190
0.011317
0.012614
0.012072
0.007649
0.005245
0.003438
0.007348
0.012146
0.012297
0.014031
0.012847
0.008083
0.001894
-0.005861
-0.008319
-0.011091
-0.013084
-0.009876
-0.009329
-0.008546
-0.006632
-0.006825
-0.007121
-0.006626
-0.008080
-0.011102
-0.012730
-0.014667
-0.013733
-0.013057
-0.012915
-0.008158
-0.001171
0.007594
0.011353
0.013569
0.018151
0.021812
0.019460
0.016098
0.013398
0.008618
0.004147
-0.002137
-0.007993
-0.010978
-0.013702
-0.012671
-0.009867
-0.008061
-0.005887
-0.004627
-0.006171
-0.008536
-0.010622
-0.012513
-0.008764
-0.001837
0.005018
0.015895
0.017220
0.013438
0.014428
0.010148
0.001461
-0.008487
-0.011114
-0.005186
-0.009454
-0.014680
-0.014417
-0.017136
-0.017191
-0.012396
-0.010980
-0.008808
-0.005376
-0.004092
-0.003832
-0.002239
-0.001286
-0.000755
-0.000487
-0.001677
-0.001633
0.001015
0.002333
0.003475
0.005487
0.007170
0.008617
0.006572
0.002486
0.000860
-0.001845
-0.001089
0.002460
0.003103
0.005065
0.006671
0.000788
-0.003058
-0.003938
-0.006488
-0.009310
-0.010542
-0.012177
-0.013800
-0.012879
-0.012287
-0.012413
-0.011726
-0.010825
-0.007673
-0.004589
-0.001647
0.002278
0.003356
0.002359
0.003792
0.005376
0.006296
0.007742
0.011757
0.015394
0.017619
0.017208
0.015396
0.015188
0.011257
0.005509
0.004029
0.003122
-0.000073
-0.004207
-0.008718
-0.012547
-0.012020
-0.007414
-0.006574
-0.002240
0.002969
0.006417
0.009239
0.007832
0.001221
-0.001713
-0.003005
-0.000883
-0.001267
-0.002811
-0.000462
0.001271
0.001902
0.003105
0.000997
-0.001011
-0.001872
-0.003867
-0.005870
-0.007631
-0.009520
-0.009694
-0.005779
-0.003752
-0.001910
-0.001017
-0.002946
-0.000283
0.001740
0.002100
0.003553
0.004091
0.004630
0.004440
0.002775
0.002070
0.001403
0.000724
-0.000030
-0.000998
-0.001812
-0.002046
-0.000979
-0.000512
-0.000505
-0.001453
-0.000219
0.002179
0.002766
0.002945
0.003564
0.004076
0.003760
0.003593
0.003100
0.001147
-0.000167
-0.000934
-0.001851
0.000688
0.005277
0.006588
0.008618
0.008380
0.006298
0.006100
0.005627
0.005130
0.004659
0.003887
0.002259
0.001009
-0.000191
0.000084
0.001966
0.002364
0.002966
0.002627
0.002042
0.000480
-0.001024
-0.002286
-0.002879
-0.001050
-0.000243
-0.000175
-0.000734
-0.001270
-0.001785
-0.002504
-0.002256
-0.000405
0.000485
0.001640
0.004278
0.006131
0.005690
0.005890
0.005814
-0.000195
-0.004671
-0.007420
-0.011785
-0.014615
-0.012744
-0.002258
0.001476
0.004064
0.005099
-0.002954
-0.006440
-0.010679
-0.013065
-0.004771
-0.001059
0.001678
0.003440
0.000185
0.000794
0.003922
0.004502
-0.002345
-0.007406
-0.010035
-0.008256
-0.002819
0.000080
0.003973
0.007167
0.009521
0.011685
0.006842
0.001748
-0.004840
-0.000754
0.004841
0.004564
0.002718
-0.000373
-0.001863
-0.001329
0.001641
0.002182
0.003577
0.005765
0.007273
0.006382
0.003502
0.006109
0.010793
0.011678
0.007731
0.000875
-0.000730
-0.002973
-0.004712
-0.002224
-0.001898
0.001074
0.006280
0.009299
0.011120
0.008656
0.007890
0.008099
0.009124
0.009124
0.004014
-0.000639
-0.005082
-0.009621
-0.007677
-0.005691
-0.006259
-0.004482
-0.002836
-0.002806
-0.002892
-0.002362
-0.002248
-0.001993
-0.001637
-0.001397
-0.001097
-0.000789
-0.001202
-0.002411
-0.002981
-0.002734
-0.001096
-0.000278
0.000628
0.001771
0.000888
-0.001694
-0.003836
-0.005787
-0.008169
-0.007441
-0.005028
-0.004747
-0.003245
-0.000353
0.001723
0.001962
-0.000307
-0.000993
-0.001899
-0.002619
-0.001750
-0.001776
-0.001654
-0.000760
0.000008
0.000790
0.001871
0.002816
0.004001
0.005175
0.006123
0.004332
0.001034
-0.000351
-0.002681
-0.004285
-0.001454
-0.000188
0.000763
0.003779
0.006005
0.006013
0.003257
0.002284
0.001353
-0.000111
-0.001006
0.001456
0.004127
0.006080
0.009297
0.009628
0.005701
0.004518
0.002960
0.000147
-0.001535
-0.000197
-0.000045
-0.002157
-0.002298
-0.000651
0.000086
-0.000443
-0.000437
0.002110
0.001179
-0.003429
-0.005110
-0.003499
0.000207
0.001283
0.003288
0.002718
0.003071
0.007097
0.009027
0.010934
0.008571
0.002726
-0.000493
-0.004511
-0.005730
-0.000170
0.002008
0.004770
0.007421
0.004395
-0.000401
-0.001857
-0.001825
-0.003622
-0.004414
-0.001219
0.000168
-0.002696
-0.003910
-0.003505
-0.001394
-0.000073
0.000959
0.002569
0.002869
0.002965
0.003505
0.002319
0.000699
-0.000771
-0.002833
-0.002426
-0.000918
-0.001014
-0.000285
0.000708
-0.000113
-0.001978
-0.002561
-0.003684
-0.004777
-0.003380
-0.002332
-0.002505
-0.003075
-0.002296
-0.001328
-0.002744
-0.001650
-0.001451
-0.003356
-0.003089
-0.001602
-0.001026
0.000240
0.001727
0.001809
0.001171
0.001461
0.001309
0.000439
-0.000626
-0.000350
0.000790
0.000785
-0.000431
-0.001174
-0.001653
-0.002363
-0.001250
-0.000272
0.000090
0.000909
0.000211
-0.000253
0.000400
-0.000521
-0.002273
-0.003087
-0.002148
0.000146
0.000799
0.001417
0.002455
0.003267
0.003740
0.002032
-0.000249
-0.001279
-0.002032
-0.001351
-0.001693
-0.002440
-0.001292
0.000791
0.001421
0.000274
-0.000666
-0.000956
-0.001840
-0.002570
-0.003130
-0.003612
-0.002288
-0.000533
0.000009
-0.000178
0.000093
0.000707
0.002088
0.003095
0.003913
0.004604
0.002754
0.001613
0.001236
0.000103
0.000343
0.001739
0.001763
0.001655
0.001705
0.001020
-0.000899
-0.003122
-0.003222
-0.003089
-0.002843
-0.001829
-0.001486
-0.001663
-0.001970
-0.001850
-0.001733
-0.000941
0.000312
0.001306
0.002083
0.001548
0.001409
0.001827
0.001732
0.001415
0.001266
0.001204
0.001083
0.000619
0.000054
0.000057
0.000137
-0.000525
-0.000920
-0.001018
-0.000797
-0.000687
-0.000602
-0.000356
-0.000181
0.000110
0.000348
0.000208
-0.000035
0.000052
0.000113
0.000045
0.000049
0.000043
0.000140
0.000264
0.000144
-0.000109
-0.000166
-0.000065
0.000040
0.000094
0.000171
0.000095
0.000051
0.000052
0.000081
0.000091
0.000094
0.000077
0.000013
-0.000045
-0.000080
-0.000092
-0.000090
-0.000059
-0.000053
-0.000049
-0.000052
-0.000078
-0.000095
-0.000120
-0.000117
-0.000080
-0.000070
-0.000059
-0.000040
-0.000030
-0.000027
-0.000048
-0.000060
-0.000063
-0.000057
-0.000049
-0.000049
-0.000048
-0.000060
-0.000070
-0.000074
-0.000080
-0.000085
-0.000090
-0.000093
-0.000096
-0.000099
-0.000101
-0.000100
-0.000101
-0.000102
-0.000104
-0.000107
-0.000109
-0.000111
-0.000114
-0.000117
-0.000120
-0.000123
-0.000126
-0.000129
-0.000132
-0.000135
-0.000138
-0.000141
-0.000145
-0.000148
-0.000152
-0.000155
-0.000158
-0.000162
-0.000165
-0.000169
-0.000172
-0.000176
-0.000179
-0.000183
-0.000186
-0.000190
-0.000194
-0.000198
-0.000202
-0.000205
-0.000209
-0.000213
-0.000217
-0.000221
-0.000225
-0.000229
-0.000233
-0.000237
-0.000242
-0.000246
-0.000250
-0.000254
-0.000258
-0.000263
-0.000267
-0.000271
-0.000276
