1101 1101 2230 3458.44
1102 1102 2231 3789.71
1103 1103 2232 3960.97
1104 1104 2233 4023.76
1105 1105 2234 4030.67
1106 1106 2235 4031.91
1107 1107 2236 4077.42
1108 1108 2237 4213.78
1109 1109 2238 4488.80
1110 1110 2239 4809.74
1111 1111 2240 5252.05
1201 1201 2330 3458.44
1202 1202 2331 3789.71
1203 1203 2332 3960.97
1204 1204 2333 4023.76
1205 1205 2334 4030.67
1206 1206 2335 4031.91
1207 1207 2336 4077.42
1208 1208 2337 4213.78
1209 1209 2338 4488.80
1210 1210 2339 4809.74
1211 1211 2340 5252.05
1301 1301 2230 1287.27
1302 1302 2231 872.85
1303 1303 2232 877.01
1304 1304 2233 1201.42
1305 1305 2234 1747.73
1306 1306 2235 2417.59
1307 1307 2236 3112.65
1308 1308 2237 3740.10
1309 1309 2238 4188.34
1310 1310 2239 4365.66
1311 1311 2240 4182.13
1401 1401 2330 1287.27
1402 1402 2331 872.85
1403 1403 2332 877.01
1404 1404 2333 1201.42
1405 1405 2334 1747.73
1406 1406 2335 2417.59
1407 1407 2336 3112.65
1408 1408 2337 3740.10
1409 1409 2338 4188.34
1410 1410 2339 4365.66
1411 1411 2340 4182.13
1501 1501 3241 1661.34
1502 1502 3242 2063.13
1503 1503 3243 2390.45
1504 1504 3244 2663.25
1505 1505 3245 2882.05
1506 1506 3246 3060.70
1507 1507 3247 3210.44
1508 1508 3248 3335.69
1509 1509 3249 3449.89
1510 1510 3250 3558.60
1511 1511 3251 3672.77
1512 1512 3252 3803.71
1513 1513 3253 3956.45
1514 1514 3254 4141.99
1515 1515 3255 4373.46
1516 1516 3256 4657.67
1517 1517 3257 4998.09
1601 1601 3341 1661.34
1602 1602 3342 2063.13
1603 1603 3343 2390.45
1604 1604 3344 2663.25
1605 1605 3345 2882.05
1606 1606 3346 3060.70
1607 1607 3347 3210.44
1608 1608 3348 3335.69
1609 1609 3349 3449.89
1610 1610 3350 3558.60
1611 1611 3351 3672.77
1612 1612 3352 3803.71
1613 1613 3353 3956.45
1614 1614 3354 4141.99
1615 1615 3355 4373.46
1616 1616 3356 4657.67
1617 1617 3357 4998.09
1701 1701 3241 1305.79
1702 1702 3242 2002.44
1703 1703 3243 2553.33
1704 1704 3244 2986.42
1705 1705 3245 3318.20
1706 1706 3246 3565.12
1707 1707 3247 3745.92
1708 1708 3248 3871.88
1709 1709 3249 3962.65
1710 1710 3250 4035.73
1711 1711 3251 4105.62
1712 1712 3252 4189.96
1713 1713 3253 4305.25
1714 1714 3254 4467.93
1715 1715 3255 4690.50
1716 1716 3256 4850.88
1717 1717 3257 5033.85
1801 1801 3341 1305.79
1802 1802 3342 2002.44
1803 1803 3343 2553.33
1804 1804 3344 2986.42
1805 1805 3345 3318.20
1806 1806 3346 3565.12
1807 1807 3347 3745.92
1808 1808 3348 3871.88
1809 1809 3349 3962.65
1810 1810 3350 4035.73
1811 1811 3351 4105.62
1812 1812 3352 4189.96
1813 1813 3353 4305.25
1814 1814 3354 4467.93
1815 1815 3355 4690.50
1816 1816 3356 4850.88
1817 1817 3357 5033.85
