0.000000
-0.004491
-0.008954
-0.013400
-0.017857
-0.022343
-0.026725
-0.030595
-0.033455
-0.036149
-0.041120
-0.050014
-0.060901
-0.066552
-0.060867
-0.050934
-0.052959
-0.069789
-0.080293
-0.064520
-0.025191
-0.007165
-0.054985
-0.145412
-0.207644
-0.184555
-0.094716
-0.019001
-0.045958
-0.206050
-0.416130
-0.509611
-0.375564
-0.063131
0.280652
0.444251
0.232316
-0.191218
-0.454823
-0.473101
-0.291137
0.096521
0.501716
0.710085
0.753414
0.667111
0.387806
-0.079014
-0.643436
-1.225584
-1.699239
-1.887937
-1.381060
-0.134081
1.252413
2.227259
2.508563
2.266308
1.640445
0.671414
-0.309082
-1.241190
-2.146320
-2.743289
-2.974439
-2.938518
-2.515117
-1.609604
-0.520337
0.210302
0.305361
-0.072153
-0.498917
-0.638373
-0.548334
-0.471907
-0.386594
-0.228147
-0.236469
-0.564966
-0.891943
-0.729592
-0.166314
0.335441
0.000311
-1.368614
-2.854175
-3.833760
-3.856537
-3.221903
-3.108296
-3.579718
-3.831498
-3.374710
-2.218252
-0.594092
0.721330
0.925430
0.058381
-1.602592
-3.417834
-4.567323
-4.810041
-4.365341
-3.616074
-2.831568
-1.849936
-0.533868
0.512312
0.611771
-0.298214
-1.433461
-1.911520
-1.863500
-1.602062
-1.347603
-1.361497
-1.688713
-2.472207
-3.712389
-5.082559
-6.248115
-6.729809
-6.210234
-4.988703
-3.612551
-2.620368
-2.516033
-3.057041
-3.484380
-3.659313
-3.635389
-3.349881
-2.971183
-2.579199
-2.235389
-2.108861
-2.186433
-2.359341
-2.713349
-3.309762
-3.996092
-4.648566
-5.074195
-5.073879
-4.872080
-4.916702
-5.291862
-5.778767
-6.015466
-5.748330
-5.113897
-4.378974
-3.790383
-3.588894
-3.825300
-4.311880
-4.901366
-5.502017
-5.990395
-6.285557
-6.319649
-6.079120
-5.885638
-6.306709
-7.255665
-8.026985
-8.328048
-8.144825
-7.535999
-7.056185
-6.925243
-6.832145
-7.013279
-7.774005
-8.751455
-9.399501
-9.128756
-7.950660
-6.860767
-6.358593
-6.209489
-6.366023
-6.734176
-6.941413
-6.605173
-5.395023
-3.940994
-3.490572
-4.221646
-5.191742
-5.897581
-6.446114
-6.961662
-7.674006
-8.341924
-8.619045
-8.532450
-8.200782
-7.877370
-7.787321
-8.019660
-8.543581
-8.970546
-8.691823
-7.573182
-6.420242
-6.220450
-7.200992
-8.684443
-9.908208
-10.821360
-11.701260
-12.545610
-13.242110
-13.779440
-14.055020
-13.963360
-13.420830
-12.327570
-10.538760
-8.123532
-5.976885
-4.684835
-4.079229
-4.013460
-4.296793
-4.332070
-3.635578
-2.238306
-0.219896
1.746349
3.191747
4.498777
5.964110
7.708070
9.857146
12.203140
14.302610
15.906480
17.012020
18.400690
20.796940
23.679990
26.487310
28.939770
30.669180
31.923580
33.488140
35.537390
37.496680
39.141130
40.485450
41.365990
41.764730
41.692710
41.254060
40.782300
40.314950
39.625340
38.680570
37.502500
36.081400
34.644820
33.697330
33.408250
33.568420
34.290610
35.841960
38.383130
41.729480
45.420730
49.069280
52.223590
54.698140
56.362080
56.722980
56.028710
54.745810
52.400050
49.072510
45.802850
43.058200
40.749050
39.091010
38.368840
38.668540
39.786280
40.905220
41.466430
41.568230
41.537670
41.731070
41.954770
41.920570
41.636560
40.993000
39.825010
37.915060
35.312360
32.616880
30.173550
27.879480
25.706870
23.987770
22.959130
22.663000
23.194360
24.078850
25.060300
26.450670
28.213220
30.358970
33.120620
36.496880
39.885610
42.636000
44.819730
46.555120
47.725320
48.342000
48.258510
47.230530
45.336670
43.032990
40.674100
38.286940
35.794930
33.343960
31.042920
28.327890
24.679360
20.258830
15.336480
10.509640
6.436217
3.146782
0.401492
-2.004310
-3.852155
-5.058022
-5.881447
-6.194696
-5.744381
-4.612285
-2.883110
-0.459809
2.307498
4.845666
6.884400
8.365283
9.349882
9.955008
10.471280
10.777430
10.305670
8.857068
5.999361
2.010400
-2.183213
-6.390993
-10.216310
-12.971820
-14.376640
-14.686170
-14.216760
-13.106140
-11.792210
-10.692270
-9.605887
-8.419105
-7.396823
-6.581109
-5.856823
-5.323758
-5.178829
-5.287655
-5.428199
-5.517524
-5.558038
-5.789516
-6.360185
-7.093724
-7.816857
-8.502930
-9.178122
-9.890664
-10.442880
-10.570280
-10.194510
-9.339469
-8.118937
-6.699554
-5.284548
-3.957007
-2.852900
-2.277510
-2.125029
-1.979074
-1.721686
-1.329842
-0.677648
0.251410
1.329386
2.329239
2.970965
3.206993
3.131443
2.750111
2.214445
1.777865
1.565020
1.511100
1.566412
1.784103
2.275018
3.035599
3.598740
3.381662
2.501682
1.362725
-0.098959
-1.876686
-3.731618
-5.283719
-5.974899
-5.707295
-4.805861
-3.390386
-1.596232
0.114356
1.421546
2.607633
4.150237
5.892675
7.262163
7.694193
7.124641
6.137582
5.287405
4.874234
5.148915
6.075346
7.053786
7.802379
8.474566
9.141859
9.846719
10.435640
10.661300
10.551800
10.341700
10.103430
9.678255
8.898992
7.862100
6.758774
5.799346
5.221445
5.087601
5.354512
5.754188
5.893967
5.930542
6.012327
5.854627
5.695548
5.950665
6.396722
6.587378
6.359942
5.851276
5.318073
4.692338
3.687634
2.308260
1.020776
0.517979
1.149341
2.596423
3.964632
4.558208
3.996433
2.828722
2.041406
1.552198
1.213462
1.195892
1.581014
2.183724
2.530076
2.621693
2.934506
3.505114
4.126322
4.864728
5.604547
5.973940
5.823790
5.065950
3.832680
2.329139
0.342996
-2.210217
-4.329460
-5.095863
-4.873369
-3.953472
-2.264913
-0.495201
0.170335
-0.372143
-1.882308
-3.230480
-3.013957
-2.073092
-1.637837
-1.924079
-2.710712
-3.804575
-4.985045
-6.025802
-6.594754
-6.238119
-5.236421
-3.874567
-2.407330
-1.579051
-1.571323
-2.189289
-3.560254
-5.699556
-8.045870
-10.081770
-11.589610
-12.417740
-12.599270
-12.277260
-12.208180
-12.892960
-13.867430
-14.728750
-14.948460
-14.511900
-14.177640
-14.175670
-14.235610
-14.084750
-13.628000
-13.084720
-12.475890
-11.529120
-10.566290
-10.286760
-10.660330
-11.385590
-12.599640
-14.135960
-14.889770
-14.250250
-12.995810
-11.826920
-10.947120
-10.338630
-10.056300
-10.418210
-11.285600
-12.164200
-12.890900
-13.562990
-14.269500
-15.221880
-16.612090
-18.399640
-20.514940
-22.873520
-25.271400
-27.489900
-29.366330
-30.738600
-31.080880
-30.219110
-28.697010
-26.772770
-24.682620
-22.910400
-21.544120
-20.442000
-19.336390
-17.699360
-15.629170
-13.176260
-9.655428
-4.864823
-0.164862
2.380409
3.137552
3.394911
2.940937
1.838336
-0.063112
-3.530584
-8.994391
-15.635510
-22.290850
-28.756220
-34.808380
-40.403250
-45.575510
-50.058670
-53.704120
-56.794010
-58.818160
-59.202320
-58.400870
-56.688780
-54.011220
-49.917140
-44.358470
-38.159470
-32.000390
-26.349400
-21.355450
-17.418150
-15.555020
-16.219160
-19.844990
-24.909950
-27.794090
-27.835410
-25.781350
-22.422870
-19.892730
-18.321810
-16.614170
-15.542100
-16.044530
-18.035900
-20.926630
-23.420360
-24.761650
-25.159220
-24.869830
-23.732100
-22.320450
-21.988480
-22.809880
-23.914380
-24.240870
-23.826550
-23.212700
-22.021680
-20.031090
-17.699730
-15.835560
-14.671280
-13.794350
-12.750980
-11.707900
-11.566550
-12.342360
-13.269270
-13.971710
-14.462570
-15.019830
-15.265590
-14.604780
-13.562810
-12.990340
-12.877860
-12.594960
-12.012410
-11.801090
-12.163600
-12.761870
-13.653570
-15.163960
-17.280040
-19.192360
-19.894820
-19.194240
-17.367690
-15.061450
-13.522200
-13.248540
-13.414750
-13.323250
-13.227870
-13.441470
-13.394420
-12.623600
-11.639360
-10.731590
-10.013880
-9.667575
-9.412790
-9.337750
-9.584521
-9.609380
-9.339767
-9.407988
-9.686148
-9.486492
-8.689314
-7.692266
-6.878743
-6.052449
-5.117810
-4.618239
-4.828857
-5.711434
-7.195457
-8.909213
-10.156760
-10.525800
-10.047200
-8.678152
-6.203042
-2.963962
-0.332755
0.910709
1.339433
1.273573
0.499397
-0.816653
-2.202571
-2.978553
-2.801917
-2.048668
-1.006617
0.088414
0.658498
0.723055
0.930734
1.258063
1.230567
0.429685
-1.050574
-2.723384
-3.983436
-4.276797
-3.593527
-2.075071
0.112648
2.984842
6.325054
8.962758
9.991402
9.747913
8.204041
5.742913
3.393297
1.655362
0.590276
-0.348340
-1.100579
-1.238949
-1.060439
-1.317629
-2.309387
-3.520017
-4.645265
-5.692351
-6.559425
-7.253711
-7.239560
-5.725709
-2.903480
0.630742
4.747073
8.394207
10.619300
11.940050
12.401240
12.016750
11.326690
9.882969
7.313523
4.398117
1.341346
-2.330382
-6.353638
-9.056176
-9.912028
-9.444657
-5.863769
-2.353010
-1.812546
-1.210145
-0.736873
-1.025352
-1.180594
-1.113717
-0.574565
0.506856
1.578600
2.321122
2.920031
3.656030
4.882216
6.634333
8.100656
8.438407
8.235909
8.190121
7.533941
5.183115
1.063189
-3.164005
-6.158581
-7.770770
-8.144702
-7.993535
-8.113295
-8.601739
-8.628841
-7.515484
-5.137944
-1.759122
1.308128
3.145843
3.865302
3.511805
2.199514
0.128095
-2.661635
-5.723223
-8.424450
-10.164540
-9.988761
-7.861778
-4.883697
-1.917204
0.845920
3.756904
7.445736
11.616220
15.520110
18.733430
20.597250
21.247490
20.354260
18.056050
15.761370
14.030110
13.850720
15.169480
16.036860
15.035690
12.551240
9.664976
6.683576
3.791042
1.004013
-1.686028
-3.848773
-5.240158
-5.904422
-5.596550
-4.842844
-5.071263
-6.538366
-8.386574
-10.351650
-12.593090
-14.882370
-16.815780
-17.818410
-17.747650
-16.750710
-14.271720
-10.587990
-6.544831
-2.246833
1.715101
4.413429
5.817853
5.990815
5.154191
3.997437
2.596542
0.767697
-0.845665
-0.765297
0.338214
1.230428
2.146367
3.020917
3.854935
4.691789
5.515554
6.305030
6.988373
7.359038
7.383528
7.251724
6.322461
5.212245
4.953182
4.983822
4.900613
4.277407
2.829965
1.145720
-0.121088
-1.107404
-1.911594
-2.240240
-2.175981
-1.928444
-1.523829
-1.115921
-0.744389
-0.166493
1.078210
3.069945
5.409423
7.818667
9.837587
11.374770
12.393360
12.058000
10.061490
7.045214
3.445416
0.454883
-0.754182
-1.112578
-1.399810
-1.617379
-2.068299
-2.711528
-3.292443
-3.788123
-4.164668
-4.331163
-4.078378
-2.861748
-0.941249
0.779763
2.168464
3.021449
2.878348
1.612736
-0.635748
-3.364436
-5.989363
-7.459417
-7.407906
-7.047828
-6.759305
-6.491033
-6.630621
-6.870550
-6.863413
-6.524996
-6.014789
-5.741506
-5.736109
-5.928399
-6.414974
-7.138401
-7.839672
-8.264199
-8.472769
-8.525010
-8.204937
-7.799802
-7.773839
-8.036860
-8.310027
-8.489525
-8.619423
-8.626944
-8.460297
-8.302627
-8.269241
-8.289602
-8.262070
-8.054777
-7.587834
-6.891267
-6.028239
-5.129185
-4.400226
-3.996851
-4.101975
-4.851991
-5.991618
-7.241857
-8.366610
-9.140885
-9.655953
-9.974659
-10.050290
-9.930377
-9.754589
-9.574222
-9.352142
-9.122847
-8.943229
-8.839505
-8.823898
-8.813945
-8.591696
-8.167831
-7.806189
-7.690763
-7.771990
-7.854059
-7.890792
-7.947153
-8.099462
-8.395200
-8.752650
-9.122061
-9.414173
-9.610630
-9.926254
-10.345120
-10.585380
-10.514130
-10.153670
-9.466357
-8.590973
-7.746630
-7.073099
-6.661400
-6.323024
-6.034048
-6.082237
-6.411429
-6.861852
-7.349925
-7.630287
-7.591785
-7.302618
-6.952985
-6.663191
-6.389100
-6.169492
-5.992495
-5.714897
-5.339011
-4.930443
-4.468529
-3.957554
-3.469839
-3.170757
-3.192123
-3.437036
-3.868829
-4.586679
-5.450964
-6.219869
-6.736327
-6.855180
-6.559422
-6.071097
-5.563423
-5.032566
-4.511072
-4.016988
-3.510394
-2.977177
-2.419644
-1.845669
-1.297265
-0.829774
-0.487728
-0.223859
0.039771
0.333448
0.619084
0.776951
0.834877
0.953419
1.233928
1.630080
1.981067
2.199913
2.275621
2.204474
2.036411
1.883743
1.883496
2.069534
2.329571
2.459011
2.422517
2.491242
2.802305
3.175048
3.566285
4.137208
4.827701
5.480185
6.038866
6.461063
6.760878
7.021641
7.258621
7.442345
7.590673
7.693988
7.732681
7.716160
7.646135
7.546469
7.454234
7.358071
7.294804
7.345198
7.531113
7.789617
7.959439
7.917914
7.644415
7.184538
6.642242
6.156872
5.863233
5.786655
5.883571
6.052924
6.240243
6.437465
6.610272
6.779530
6.928817
7.034806
7.103281
7.129250
7.104499
7.033722
6.979335
6.981230
6.996893
6.978577
6.959554
6.988845
7.037587
7.065953
7.061607
7.026928
6.953075
6.845866
6.740985
6.644819
6.533753
6.411454
6.304171
6.205127
6.094310
5.990368
5.897299
5.805082
5.764658
5.829804
6.039277
6.360506
6.626113
6.770249
6.851772
6.898142
6.945727
7.001096
7.024729
7.000493
6.934897
6.838554
6.745607
6.690029
6.640782
6.580591
6.540920
6.494408
6.382272
6.229030
6.086807
5.933707
5.746555
5.545683
5.363859
5.226419
5.128314
5.075744
5.057945
5.012782
4.916915
4.785203
4.633575
4.507209
4.415893
4.325678
4.250098
4.212015
4.196069
4.165715
4.093250
3.998308
3.925528
3.872641
3.780579
3.631352
3.427158
3.140954
2.827729
2.579846
2.370319
2.179068
2.064020
2.020969
2.023402
2.076218
2.120040
2.078746
1.940452
1.762238
1.604706
1.485797
1.437104
1.468057
1.550255
1.624203
1.657891
1.663800
1.601236
1.439060
1.218429
0.968925
0.702253
0.472672
0.308820
0.181403
0.075569
-0.004154
-0.056475
-0.088630
-0.125779
-0.192157
-0.274558
-0.339057
-0.376393
-0.414904
-0.489767
-0.602460
-0.736826
-0.849226
-0.905212
-0.921379
-0.880709
-0.761992
-0.584444
-0.432499
-0.385289
-0.418020
-0.531395
-0.776026
-1.130639
-1.511608
-1.877579
-2.189933
-2.371886
-2.415488
-2.347790
-2.208101
-2.090851
-2.038547
-2.032855
-2.083314
-2.170178
-2.241648
-2.318681
-2.415628
-2.463447
-2.430753
-2.341350
-2.231518
-2.169133
-2.182062
-2.249346
-2.338227
-2.404491
-2.439611
-2.467860
-2.522768
-2.608420
-2.678999
-2.649301
-2.475530
-2.220050
-1.954393
-1.721277
-1.567464
-1.503112
-1.487722
-1.416469
-1.242496
-1.029870
-0.865875
-0.831596
-0.919958
-1.050850
-1.174307
-1.248945
-1.195522
-1.020742
-0.808509
-0.567071
-0.322015
-0.127101
0.033137
0.167738
0.323007
0.552864
0.833056
1.094950
1.274388
1.380733
1.425380
1.418371
1.451541
1.522537
1.581264
1.647998
1.710725
1.794114
1.940662
2.129648
2.290663
2.334284
2.255471
2.167103
2.131252
2.128335
2.126854
2.137774
2.201924
2.288046
2.353551
2.407344
2.471834
2.544308
2.599230
2.628159
2.644339
2.675993
2.751722
2.853102
2.932887
2.954362
2.912930
2.845800
2.767648
2.660986
2.532269
2.396487
2.289538
2.239209
2.257480
2.358645
2.521002
2.718305
2.898767
3.000664
3.073964
3.164029
3.168715
3.034874
2.842846
2.632940
2.433224
2.284301
2.179852
2.135941
2.161409
2.208772
2.220593
2.182887
2.105376
1.996267
1.884624
1.774537
1.652006
1.523240
1.403668
1.325713
1.305683
1.338223
1.392420
1.433758
1.484794
1.538030
1.536206
1.464194
1.350317
1.226997
1.102298
0.993553
0.916095
0.854812
0.795509
0.740021
0.703878
0.688722
0.689075
0.706797
0.719581
0.673361
0.550173
0.403242
0.312016
0.283350
0.285565
0.268882
0.189198
0.070192
-0.055732
-0.129890
-0.110185
0.021680
0.225853
0.354742
0.367383
0.317270
0.253404
0.227996
0.214922
0.202894
0.202050
0.183018
0.144901
0.101174
0.044237
-0.038324
-0.145464
-0.273091
-0.423718
-0.596793
-0.768843
-0.878962
-0.910072
-0.882314
-0.786601
-0.669343
-0.591250
-0.509759
-0.416941
-0.358368
-0.329334
-0.347180
-0.429538
-0.561639
-0.742698
-0.948033
-1.136852
-1.311630
-1.468572
-1.590395
-1.659735
-1.642616
-1.557257
-1.505173
-1.525695
-1.562810
-1.559224
-1.500943
-1.403495
-1.281261
-1.213379
-1.239845
-1.324190
-1.467739
-1.613561
-1.693812
-1.733388
-1.736549
-1.706782
-1.671428
-1.615506
-1.530823
-1.443722
-1.398455
-1.411717
-1.449374
-1.474106
-1.473366
-1.443795
-1.385512
-1.352083
-1.378992
-1.437000
-1.517608
-1.630669
-1.747383
-1.832230
-1.901866
-1.971172
-2.027027
-2.070343
-2.107184
-2.150376
-2.218599
-2.305222
-2.367933
-2.380574
-2.372262
-2.377573
-2.386319
-2.379362
-2.366251
-2.352210
-2.333118
-2.309926
-2.281185
-2.239207
-2.184338
-2.152115
-2.174282
-2.240613
-2.347488
-2.482602
-2.600330
-2.673643
-2.698245
-2.665436
-2.571160
-2.422630
-2.277721
-2.195964
-2.161149
-2.142912
-2.112224
-2.063411
-2.013937
-1.976151
-1.957970
-1.948440
-1.930878
-1.884001
-1.798548
-1.679439
-1.531883
-1.417076
-1.380059
-1.394729
-1.450902
-1.515706
-1.593921
-1.730520
-1.907748
-2.102144
-2.241241
-2.243984
-2.124872
-1.897306
-1.630323
-1.442407
-1.348200
-1.347726
-1.409985
-1.478280
-1.541283
-1.585550
-1.609962
-1.623376
-1.631297
-1.623097
-1.590787
-1.546239
-1.505186
-1.460808
-1.395884
-1.326483
-1.288008
-1.283857
-1.304289
-1.324995
-1.287188
-1.186485
-1.041144
-0.840289
-0.640199
-0.493509
-0.377457
-0.292381
-0.245942
-0.207733
-0.177519
-0.170248
-0.162674
-0.142714
-0.119519
-0.091904
-0.063901
-0.041239
0.002866
0.088615
0.185663
0.257816
0.310775
0.352329
0.387157
0.446050
0.529121
0.596989
0.634678
0.657342
0.699269
0.784883
0.899045
1.003242
1.080248
1.144543
1.207728
1.263283
1.292887
1.296955
1.278695
1.248898
1.236734
1.245520
1.272492
1.328995
1.417572
1.544062
1.711528
1.874414
1.991151
2.060954
2.089644
2.122497
2.185463
2.259556
2.351165
2.469278
2.603541
2.716012
2.782414
2.817199
2.818622
2.810534
2.846111
2.919199
2.982198
3.015166
3.027290
3.017680
2.992184
2.991974
3.028605
3.059564
3.030232
2.935924
2.814928
2.687427
2.564327
2.477788
2.441258
2.432612
2.426534
2.441042
2.505403
2.602550
2.720803
2.824326
2.884862
2.918855
2.924238
2.913762
2.911310
2.897640
2.862414
2.818295
2.766686
2.712357
2.651666
2.576202
2.490339
2.398188
2.324852
2.289927
2.282476
2.304342
2.347305
2.375666
2.384425
2.384608
2.368954
2.351481
2.351121
2.362134
2.368407
2.341415
2.266990
2.151912
1.994507
1.819903
1.666173
1.523587
1.367548
1.199661
1.046583
0.961052
0.957373
1.014937
1.098391
1.155199
1.189404
1.211788
1.206817
1.188898
1.162111
1.091880
0.973305
0.822975
0.678475
0.594647
0.565662
0.580983
0.644109
0.707116
0.747625
0.784652
0.809977
0.816697
0.812582
0.816544
0.840796
0.878290
0.930438
0.990471
1.018554
0.999316
0.946802
0.854236
0.718565
0.595096
0.561086
0.604018
0.683157
0.809263
0.984523
1.169765
1.266602
1.227404
1.074649
0.840438
0.596608
0.403936
0.268308
0.203227
0.234607
0.354080
0.532097
0.709717
0.867945
0.964177
0.936028
0.834597
0.692708
0.510042
0.372730
0.314120
0.301390
0.351724
0.451417
0.512870
0.506571
0.461765
0.372235
0.264188
0.177349
0.102986
0.042796
0.026371
0.058869
0.124690
0.164822
0.128859
0.058919
0.014330
-0.007186
-0.046024
-0.121089
-0.218589
-0.294023
-0.326208
-0.334739
-0.347446
-0.382561
-0.418723
-0.416909
-0.373613
-0.299444
-0.210669
-0.160988
-0.155003
-0.133938
-0.109770
-0.115315
-0.132151
-0.165263
-0.225845
-0.307450
-0.392285
-0.440854
-0.454593
-0.467226
-0.446791
-0.363586
-0.244766
-0.147292
-0.110080
-0.115885
-0.144696
-0.177873
-0.195042
-0.193575
-0.176427
-0.154615
-0.137748
-0.120847
-0.104694
-0.095471
-0.099299
-0.118145
-0.150043
-0.196304
-0.251968
-0.297041
-0.323844
-0.336469
-0.318049
-0.257378
-0.158900
-0.057392
0.006446
0.033946
0.018762
-0.050195
-0.160978
-0.284205
-0.373614
-0.392883
-0.347665
-0.283787
-0.269244
-0.314412
-0.395281
-0.496129
-0.560241
-0.577888
-0.566994
-0.514700
-0.459288
-0.438657
-0.434435
-0.433260
-0.437433
-0.448672
-0.470516
-0.499527
-0.502344
-0.461717
-0.393432
-0.325984
-0.292262
-0.266749
-0.231105
-0.216698
-0.209037
-0.203893
-0.235954
-0.285864
-0.307863
-0.301745
-0.292222
-0.299462
-0.302780
-0.260151
-0.180184
-0.073677
0.041287
0.116302
0.151375
0.160281
0.137763
0.091419
0.021997
-0.072710
-0.182403
-0.268591
-0.283249
-0.207210
-0.069105
0.109189
0.323144
0.499331
0.576694
0.531128
0.445861
0.474205
0.573887
0.658060
0.762104
0.899721
1.047177
1.199903
1.320201
1.358128
1.305933
1.211362
1.120486
1.064059
1.087792
1.158505
1.217757
1.260136
1.285191
1.287586
1.259089
1.195641
1.093332
0.959910
0.857120
0.834922
0.921725
1.073399
1.208696
1.317615
1.396005
1.472477
1.581068
1.655492
1.641770
1.573278
1.449887
1.311487
1.253756
1.272164
1.322411
1.374474
1.411391
1.445059
1.469113
1.496292
1.553815
1.637251
1.733641
1.811353
1.848130
1.857298
1.836370
1.791159
1.738897
1.675817
1.599624
1.529671
1.497070
1.505754
1.526488
1.528614
1.511299
1.480847
1.427531
1.354994
1.297078
1.278259
1.287656
1.312610
1.325547
1.314165
1.302906
1.305849
1.312406
1.302844
1.281491
1.284796
1.325177
1.355746
1.318402
1.219625
1.100110
0.985073
0.913568
0.897744
0.922272
0.946095
0.918213
0.839517
0.716223
0.599294
0.549101
0.503547
0.441900
0.430100
0.464466
0.526308
0.626973
0.726905
0.759867
0.740683
0.700724
0.626905
0.559239
0.536636
0.536210
0.534648
0.517399
0.486186
0.442920
0.384285
0.336793
0.322629
0.323268
0.317713
0.326084
0.372980
0.445590
0.514438
0.554439
0.568701
0.561539
0.535279
0.525922
0.529419
0.516820
0.505404
0.508864
0.511156
0.487833
0.440511
0.380226
0.342266
0.367116
0.436788
0.530300
0.644609
0.751327
0.834355
0.904746
0.971716
1.047270
1.130389
1.198476
1.231732
1.233913
1.226958
1.240656
1.276890
1.326632
1.384884
1.419972
1.424174
1.408873
1.383151
1.377410
1.395658
1.412118
1.406734
1.385898
1.367041
1.353826
1.358506
1.384252
1.408632
1.415058
1.421122
1.430788
1.426493
1.419207
1.423474
1.435054
1.451640
1.468285
1.475337
1.493892
1.538833
1.586366
1.613149
1.624117
1.637647
1.652784
1.664255
1.676148
1.689395
1.701185
1.699713
1.675619
1.649134
1.643633
1.643586
1.642529
1.667412
1.724412
1.805748
1.878173
1.909143
1.920141
1.916556
1.883338
1.843908
1.828058
1.830373
1.828795
1.816655
1.799336
1.779382
1.767694
1.787653
1.850677
1.897692
1.893221
1.868198
1.815726
1.744516
1.691571
1.668200
1.671447
1.702088
1.746191
1.784069
1.810067
1.817694
1.804867
1.771519
1.712319
1.626401
1.519810
1.425589
1.366344
1.331363
1.330346
1.371683
1.432555
1.486855
1.524449
1.545024
1.562528
1.605518
1.666165
1.727511
1.802694
1.881950
1.937823
1.969645
1.986620
2.000210
2.021778
2.046109
2.069729
2.088561
2.108538
2.141132
2.182241
2.227640
2.260090
2.264683
2.249319
2.230901
2.244657
2.299272
2.387135
2.502716
2.581305
2.592186
2.556577
2.461080
2.324191
2.197463
2.113545
2.083142
2.098880
2.151281
2.242045
2.369656
2.483426
2.536548
2.539241
2.492573
2.419488
2.369695
2.335847
2.293036
2.232503
2.153849
2.078652
2.039192
2.036274
2.060736
2.122584
2.208112
2.282275
2.331847
2.353957
2.342272
2.305306
2.279096
2.279058
2.275605
2.275089
2.298304
2.331739
2.348278
2.332820
2.297913
2.270867
2.260954
2.253650
2.236932
2.214178
2.197883
2.187638
2.179350
2.176155
2.172773
2.155138
2.121777
2.077894
2.032399
1.997104
1.969156
1.939019
1.901598
1.870816
1.863702
1.874395
1.896298
1.926606
1.948797
1.944635
1.907023
1.842368
1.796812
1.799431
1.827930
1.850950
1.845371
1.811879
1.755040
1.703817
1.682426
1.670978
1.649119
1.625206
1.624108
1.645122
1.683946
1.752013
1.840276
1.903369
1.914698
1.866235
1.780760
1.693574
1.605216
1.536012
1.501283
1.501221
1.522138
1.524063
1.501387
1.466451
1.405951
1.315831
1.201039
1.064666
0.943464
0.863564
0.805318
0.765399
0.752851
0.758967
0.754409
0.726043
0.686729
0.654924
0.633854
0.593460
0.525668
0.445891
0.376448
0.342429
0.338951
0.333915
0.280732
0.177723
0.071044
-0.005123
-0.054714
-0.094707
-0.140782
-0.200176
-0.254381
-0.295150
-0.331450
-0.374882
-0.428882
-0.489997
-0.553471
-0.603516
-0.634198
-0.661698
-0.702159
-0.750221
-0.783246
-0.796384
-0.796680
-0.780399
-0.757538
-0.754018
-0.770058
-0.794501
-0.821024
-0.844307
-0.868423
-0.895926
-0.925940
-0.958282
-0.991581
-1.015815
-1.025445
-1.034862
-1.070969
-1.129484
-1.174876
-1.205488
-1.235078
-1.266692
-1.301434
-1.323212
-1.324336
-1.312235
-1.298895
-1.309176
-1.345639
-1.387665
-1.400013
-1.366030
-1.300974
-1.225916
-1.162274
-1.106290
-1.054954
-1.016798
-0.992691
-0.981509
-0.979463
-0.966406
-0.931262
-0.881798
-0.828482
-0.795404
-0.776691
-0.750897
-0.727630
-0.707999
-0.684688
-0.663608
-0.652720
-0.651778
-0.659083
-0.675542
-0.690273
-0.691628
-0.682996
-0.666318
-0.646833
-0.632674
-0.621288
-0.612165
-0.606847
-0.590815
-0.546869
-0.479631
-0.412554
-0.366152
-0.337083
-0.322204
-0.326928
-0.334934
-0.317019
-0.271011
-0.213794
-0.158455
-0.099283
-0.024314
0.058962
0.134023
0.186542
0.218298
0.231766
0.227080
0.228565
0.250036
0.281736
0.326785
0.381406
0.424564
0.453742
0.475704
0.490020
0.500492
0.514255
0.542808
0.587817
0.645295
0.709766
0.768239
0.817058
0.853369
0.873093
0.878032
0.867931
0.854471
0.857044
0.874398
0.902135
0.940729
0.980156
1.022679
1.077968
1.138656
1.183966
1.206462
1.215059
1.226821
1.253461
1.265979
1.234786
1.169489
1.079534
1.004080
0.977841
0.982720
1.020213
1.075982
1.105622
1.111950
1.114737
1.111804
1.113099
1.130924
1.161908
1.205626
1.265365
1.340009
1.423689
1.474139
1.462394
1.405696
1.316350
1.219726
1.126924
1.041608
0.988501
0.967496
0.969515
0.974223
0.959396
0.944043
0.956282
0.971777
0.965636
0.960904
0.969403
0.983236
0.987122
0.968995
0.935179
0.907810
0.896776
0.894553
0.902622
0.917752
0.932416
0.943971
0.940742
0.912661
0.861504
0.793661
0.733757
0.697554
0.675843
0.671470
0.685151
0.683678
0.670288
0.674645
0.670563
0.645702
0.614774
0.573854
0.533800
0.519698
0.529527
0.556410
0.588905
0.603777
0.608324
0.625643
0.656060
0.693794
0.738338
0.773278
0.789730
0.795385
0.799174
0.812828
0.835941
0.863216
0.877813
0.865497
0.833710
0.786577
0.744570
0.729177
0.737317
0.767533
0.807960
0.846934
0.890570
0.938037
0.984823
1.027202
1.057311
1.071048
1.069211
1.051541
1.019149
0.990334
0.974805
0.945541
0.890973
0.835404
0.809321
0.825294
0.873985
0.921334
0.941473
0.946292
0.956171
0.993670
1.060095
1.133395
1.186656
1.214891
1.226507
1.225484
1.237942
1.249195
1.220991
1.162255
1.097268
1.052612
1.034301
1.034902
1.055933
1.075108
1.080325
1.094225
1.118278
1.135928
1.146163
1.151880
1.145232
1.121978
1.088155
1.056777
1.034927
1.025181
1.033562
1.044416
1.040845
1.029169
1.010697
0.987702
0.973192
0.967120
0.965931
0.970913
0.978254
0.986083
0.994500
1.002405
1.005340
0.996365
0.975766
0.945205
0.913488
0.904814
0.923275
0.952072
0.966261
0.954415
0.924128
0.871463
0.817251
0.801326
0.813286
0.818283
0.817395
0.822095
0.830769
0.838176
0.832418
0.804538
0.751880
0.682682
0.630979
0.609734
0.602300
0.593603
0.576894
0.556641
0.532332
0.506097
0.481698
0.456959
0.429757
0.399426
0.366429
0.332018
0.308664
0.305403
0.299494
0.272617
0.234246
0.197669
0.177327
0.160823
0.113594
0.038579
-0.053052
-0.139553
-0.172060
-0.150776
-0.104380
-0.072774
-0.078172
-0.105256
-0.155201
-0.208399
-0.237735
-0.242057
-0.227327
-0.206963
-0.183894
-0.163318
-0.159405
-0.170180
-0.189772
-0.215191
-0.247261
-0.301735
-0.383656
-0.472670
-0.562143
-0.636861
-0.676206
-0.693975
-0.717794
-0.753531
-0.779720
-0.797753
-0.826943
-0.849330
-0.848811
-0.844505
-0.853794
-0.877176
-0.907953
-0.935048
-0.948676
-0.951902
-0.945888
-0.939159
-0.944575
-0.957709
-0.965594
-0.964441
-0.959163
-0.958401
-0.968613
-0.986286
-1.006331
-1.028203
-1.049990
-1.067047
-1.079447
-1.088049
-1.090958
-1.087884
-1.079394
-1.069104
-1.064332
-1.065387
-1.070376
-1.083677
-1.099495
-1.103554
-1.096757
-1.083619
-1.070888
-1.072079
-1.084700
-1.093344
-1.091802
-1.084699
-1.079948
-1.085911
-1.101653
-1.118542
-1.128904
-1.133132
-1.138156
-1.148616
-1.152703
-1.141789
-1.122917
-1.095125
-1.065954
-1.053010
-1.055242
-1.067169
-1.079114
-1.076886
-1.075015
-1.089909
-1.114198
-1.137741
-1.152428
-1.157691
-1.156560
-1.148277
-1.133352
-1.111550
-1.090188
-1.085736
-1.100084
-1.123799
-1.155098
-1.189864
-1.211493
-1.205815
-1.185660
-1.181753
-1.203201
-1.242718
-1.283506
-1.301874
-1.302090
-1.306022
-1.323342
-1.350004
-1.381360
-1.404949
-1.412895
-1.412010
-1.412906
-1.423581
-1.440747
-1.457741
-1.469440
-1.476620
-1.486146
-1.503287
-1.527036
-1.556250
-1.586824
-1.611110
-1.632353
-1.656659
-1.681830
-1.702330
-1.707954
-1.695081
-1.674092
-1.655574
-1.638644
-1.620792
-1.606974
-1.604236
-1.615476
-1.637235
-1.660236
-1.678794
-1.696333
-1.711840
-1.721002
-1.722644
-1.718786
-1.719781
-1.732187
-1.751925
-1.777672
-1.801127
-1.815442
-1.824603
-1.831115
-1.844682
-1.870866
-1.896283
-1.906078
-1.897192
-1.867662
-1.838981
-1.836793
-1.851215
-1.877096
-1.905922
-1.925996
-1.948895
-1.987548
-2.040411
-2.098777
-2.143734
-2.159763
-2.151174
-2.136716
-2.152963
-2.198843
-2.221965
-2.210313
-2.181575
-2.141461
-2.118839
-2.127871
-2.155984
-2.192984
-2.229534
-2.268121
-2.309269
-2.350304
-2.394932
-2.440216
-2.470385
-2.480433
-2.476420
-2.472249
-2.491411
-2.525799
-2.553298
-2.570767
-2.570171
-2.547527
-2.512447
-2.477895
-2.453748
-2.436358
-2.417926
-2.403701
-2.403466
-2.415336
-2.429625
-2.433116
-2.423488
-2.405563
-2.377066
-2.347816
-2.341497
-2.368890
-2.417307
-2.466384
-2.507962
-2.537115
-2.544536
-2.544166
-2.563754
-2.592009
-2.603489
-2.606444
-2.607780
-2.602162
-2.598002
-2.605449
-2.615786
-2.623830
-2.635337
-2.645050
-2.646659
-2.642206
-2.635868
-2.638227
-2.649086
-2.651080
-2.641154
-2.625273
-2.611773
-2.613336
-2.622895
-2.632570
-2.646096
-2.652249
-2.644557
-2.633767
-2.623654
-2.609521
-2.579240
-2.521304
-2.446398
-2.396851
-2.409637
-2.485176
-2.601910
-2.672783
-2.607941
-2.441592
-2.280746
-2.197420
-2.189935
-2.212473
-2.218541
-2.192333
-2.155430
-2.158823
-2.233659
-2.357222
-2.469121
-2.498338
-2.433677
-2.328560
-2.243820
-2.195271
-2.172323
-2.175249
-2.171137
-2.141881
-2.137120
-2.179626
-2.247545
-2.303334
-2.283103
-2.210283
-2.159305
-2.149476
-2.170761
-2.216005
-2.279161
-2.316831
-2.303370
-2.260172
-2.226823
-2.221069
-2.231384
-2.258450
-2.288718
-2.297370
-2.287363
-2.262510
-2.234720
-2.228410
-2.242671
-2.262706
-2.274222
-2.263570
-2.228264
-2.193248
-2.179069
-2.172825
-2.154100
-2.125341
-2.124127
-2.163147
-2.224004
-2.274602
-2.283476
-2.257522
-2.214468
-2.188181
-2.192166
-2.201761
-2.206336
-2.199727
-2.183299
-2.172571
-2.172413
-2.169620
-2.154901
-2.137857
-2.131361
-2.134630
-2.145508
-2.162857
-2.183716
-2.198263
-2.188420
-2.153667
-2.108899
-2.077278
-2.063403
-2.053736
-2.052753
-2.062694
-2.064193
-2.047611
-2.023743
-2.001758
-1.982798
-1.958977
-1.919425
-1.861189
-1.800013
-1.762995
-1.747723
-1.736028
-1.716363
-1.685044
-1.650150
-1.611277
-1.574425
-1.550557
-1.539373
-1.541003
-1.554731
-1.575522
-1.592380
-1.584483
-1.548812
-1.501807
-1.460014
-1.416999
-1.363460
-1.321994
-1.306432
-1.312326
-1.327881
-1.334110
-1.322186
-1.289439
-1.252673
-1.245938
-1.255923
-1.258412
-1.257939
-1.253375
-1.249895
-1.255244
-1.255135
-1.235669
-1.201370
-1.173765
-1.167864
-1.183168
-1.224418
-1.274402
-1.296806
-1.277138
-1.227139
-1.171014
-1.141020
-1.145081
-1.165744
-1.176776
-1.162783
-1.129682
-1.100149
-1.093554
-1.100353
-1.106066
-1.109190
-1.115168
-1.112364
-1.068100
-0.966780
-0.848129
-0.776342
-0.749056
-0.722874
-0.688599
-0.642104
-0.577865
-0.517785
-0.482584
-0.471376
-0.488708
-0.528948
-0.549678
-0.492787
-0.353707
-0.195127
-0.078238
-0.027201
-0.041110
-0.076691
-0.080534
-0.050525
-0.019422
-0.017581
-0.010571
0.033807
0.091738
0.161675
0.225351
0.204121
0.060450
-0.148706
-0.323489
-0.398097
-0.400890
-0.397483
-0.404888
-0.398689
-0.362501
-0.280293
-0.140047
-0.019097
-0.033451
-0.158154
-0.303254
-0.355823
-0.221319
0.028354
0.217990
0.171372
-0.021387
-0.151921
-0.247869
-0.341102
-0.381951
-0.374015
-0.357432
-0.356506
-0.326605
-0.203335
-0.034948
0.078652
0.129707
0.144582
0.160643
0.243033
0.399242
0.529585
0.590749
0.610579
0.545160
0.384889
0.209605
0.134654
0.187519
0.269629
0.303538
0.337300
0.459884
0.650348
0.851864
1.021554
1.076771
1.007460
0.902941
0.836639
0.878194
1.067402
1.272181
1.293387
1.114034
0.856275
0.669954
0.624360
0.630051
0.597324
0.558843
0.601399
0.787734
1.104949
1.356140
1.374771
1.201229
0.955343
0.923310
1.196333
1.524227
1.722604
1.638599
1.254716
0.806984
0.563319
0.603220
0.728488
0.630859
0.232868
-0.387469
-1.038640
-1.368365
-1.298500
-1.041379
-0.872257
-0.900277
-0.995261
-1.002104
-0.824874
-0.498438
-0.165947
0.016588
-0.034951
-0.200693
-0.263579
-0.215642
-0.195324
-0.339835
-0.771688
-1.347039
-1.685186
-1.695438
-1.584827
-1.363982
-0.975544
-0.582507
-0.321365
-0.259536
-0.417917
-0.638409
-0.811586
-0.925862
-0.887879
-0.605821
-0.227296
-0.083566
-0.192144
-0.333161
-0.498932
-0.704987
-0.905886
-1.059298
-1.080227
-1.101620
-1.265058
-1.502417
-1.764685
-2.004192
-2.157007
-2.132171
-1.828212
-1.359853
-1.009511
-0.913048
-0.995975
-1.164706
-1.377791
-1.567020
-1.647309
-1.662821
-1.665118
-1.614964
-1.551925
-1.547843
-1.632136
-1.818424
-2.011755
-2.011849
-1.799811
-1.627751
-1.597702
-1.582385
-1.519041
-1.380941
-1.187317
-0.971044
-0.729579
-0.529685
-0.434973
-0.417271
-0.483500
-0.659598
-0.879513
-1.048604
-1.108492
-1.093981
-1.056452
-1.023060
-1.008798
-0.997186
-0.996421
-1.034045
-1.176889
-1.387114
-1.486716
-1.399250
-1.240760
-1.173024
-1.245435
-1.382491
-1.550651
-1.776390
-2.029650
-2.261354
-2.444173
-2.579993
-2.676104
-2.715197
-2.674748
-2.567382
-2.435310
-2.345826
-2.325294
-2.340267
-2.329653
-2.266230
-2.233222
-2.328524
-2.526161
-2.739802
-2.930967
-3.066374
-3.099587
-2.976907
-2.634479
-2.183363
-1.816908
-1.580345
-1.496891
-1.558910
-1.694701
-1.884916
-2.103346
-2.239844
-2.232059
-2.120596
-1.973273
-1.872650
-1.892393
-2.002595
-2.131886
-2.263254
-2.454570
-2.721704
-2.908317
-2.875070
-2.682242
-2.432786
-2.160837
-1.924925
-1.729282
-1.559286
-1.493671
-1.549843
-1.694011
-1.937538
-2.143654
-2.138163
-1.982945
-1.848539
-1.820035
-1.884928
-1.980525
-2.061371
-2.123296
-2.153664
-2.168719
-2.200738
-2.204890
-2.133173
-2.018925
-1.958791
-1.998359
-2.111487
-2.274000
-2.395172
-2.430541
-2.417530
-2.342122
-2.237044
-2.154586
-2.114667
-2.170371
-2.315084
-2.486091
-2.607116
-2.610221
-2.524964
-2.396132
-2.270759
-2.216664
-2.255035
-2.346104
-2.420740
-2.449188
-2.431910
-2.378086
-2.318002
-2.268492
-2.201388
-2.096721
-1.959818
-1.822392
-1.712911
-1.626724
-1.564865
-1.534354
-1.535260
-1.538246
-1.490261
-1.384930
-1.250381
-1.136082
-1.091851
-1.116860
-1.197010
-1.309052
-1.435947
-1.550672
-1.616061
-1.619659
-1.540631
-1.374070
-1.149652
-0.911890
-0.684528
-0.465743
-0.270759
-0.120648
-0.013793
0.051462
0.067492
0.034240
-0.032249
-0.091673
-0.117890
-0.121109
-0.130381
-0.154711
-0.177420
-0.194987
-0.206395
-0.214895
-0.232479
-0.248236
-0.235787
-0.188434
-0.112353
-0.029686
0.029167
0.061660
0.089732
0.129491
0.156210
0.143394
0.098881
0.041384
-0.009420
-0.052761
-0.075545
-0.042645
0.044430
0.138154
0.203669
0.237291
0.255614
0.279386
0.311270
0.356229
0.428597
0.529339
0.629195
0.694167
0.730547
0.755750
0.761221
0.736117
0.677079
0.590305
0.516686
0.492641
0.514460
0.584162
0.681957
0.755741
0.812905
0.873989
0.915257
0.938028
0.979247
1.055059
1.155390
1.276967
1.401998
1.503404
1.579391
1.640990
1.684378
1.709616
1.731782
1.755124
1.785757
1.833922
1.895253
1.958739
2.019022
2.083020
2.134986
2.151536
2.139856
2.106039
2.070777
2.059024
2.064446
2.085065
2.113614
2.126369
2.114961
2.084107
2.056614
2.055366
2.066263
2.077705
2.098915
2.125725
2.143676
2.157897
2.181294
2.198081
2.200854
2.209328
2.223323
2.228316
2.232951
2.257785
2.301733
2.357945
2.405505
2.413412
2.387382
2.333682
2.247323
2.171652
2.136506
2.118888
2.118162
2.144694
2.178017
2.194592
2.217584
2.271544
2.343591
2.413025
2.449379
2.446167
2.419165
2.376218
2.327835
2.286501
2.259188
2.234091
2.190134
2.128175
2.065291
2.019941
1.995771
1.986319
1.981185
1.957970
1.924002
1.906447
1.904235
1.909399
1.919322
1.927527
1.936140
1.950662
1.971297
1.985551
1.973485
1.940309
1.896992
1.844623
1.799111
1.759797
1.705311
1.635732
1.570462
1.514113
1.459982
1.410347
1.363920
1.317833
1.281800
1.269470
1.279871
1.287350
1.269453
1.236770
1.195324
1.143239
1.094916
1.050237
1.002726
0.963068
0.927235
0.884257
0.845466
0.819925
0.802238
0.778651
0.743350
0.707788
0.680830
0.658700
0.631823
0.590358
0.530313
0.454893
0.387488
0.347588
0.329640
0.320432
0.294871
0.249653
0.202731
0.170082
0.157419
0.159499
0.167600
0.160079
0.134481
0.100522
0.067124
0.051918
0.055162
0.070677
0.097055
0.131436
0.167152
0.183413
0.173612
0.147649
0.124819
0.126215
0.149184
0.187581
0.204822
0.168582
0.108886
0.064725
0.050521
0.062061
0.081842
0.078920
0.050369
0.016357
-0.005623
-0.010828
-0.026131
-0.068375
-0.126475
-0.176608
-0.199857
-0.196774
-0.170544
-0.137630
-0.119556
-0.114160
-0.118506
-0.123932
-0.124422
-0.142013
-0.180455
-0.218988
-0.248947
-0.267605
-0.274576
-0.281863
-0.298453
-0.318075
-0.330743
-0.324770
-0.294384
-0.246387
-0.199391
-0.168455
-0.149835
-0.131965
-0.101855
-0.055913
0.001999
0.056908
0.082666
0.080238
0.067702
0.062526
0.084910
0.128058
0.160145
0.177545
0.193197
0.211030
0.234986
0.262914
0.287217
0.301608
0.309989
0.324111
0.347755
0.376449
0.401830
0.420729
0.448595
0.487944
0.531120
0.579117
0.617695
0.641555
0.660266
0.675231
0.692179
0.713336
0.735324
0.758991
0.787227
0.820897
0.855220
0.873817
0.870263
0.867634
0.869881
0.860049
0.842486
0.823924
0.804605
0.786426
0.769363
0.758324
0.757743
0.763545
0.770968
0.777472
0.777983
0.770996
0.756899
0.732941
0.713787
0.721002
0.745964
0.780222
0.822634
0.858948
0.888416
0.912932
0.927108
0.931844
0.927042
0.909284
0.880618
0.864429
0.882514
0.925482
0.968532
1.006670
1.044444
1.055000
1.026468
0.992249
0.988408
1.014037
1.070246
1.154776
1.216294
1.243063
1.260838
1.270075
1.282547
1.303016
1.315233
1.326309
1.346622
1.368806
1.389702
1.410110
1.428660
1.443727
1.450847
1.446796
1.433741
1.424345
1.430255
1.448171
1.472550
1.494909
1.510965
1.525229
1.540592
1.558323
1.577418
1.594675
1.606345
1.613057
1.621107
1.637205
1.653449
1.659270
1.665661
1.684900
1.712842
1.747635
1.792768
1.844287
1.897495
1.953604
2.012805
2.066720
2.104951
2.129376
2.150617
2.172440
2.192115
2.210340
2.227855
2.243465
2.262697
2.293591
2.334097
2.370447
2.392979
2.409757
2.430337
2.446771
2.444609
2.423564
2.400796
2.394228
2.400144
2.411233
2.420081
2.418141
2.409373
2.396085
2.385452
2.382300
2.379801
2.379056
2.384965
2.395227
2.407547
2.415590
2.412700
2.398276
2.371922
2.337863
2.308774
2.288170
2.271476
2.256994
2.243519
2.244465
2.268282
2.308073
2.348986
2.357476
2.326871
2.270446
2.202604
2.156110
2.137654
2.142502
2.180297
2.227069
2.253855
2.269567
2.270127
2.241397
2.184340
2.100275
2.021571
1.977880
1.959249
1.967950
1.999876
2.019288
2.017564
2.007432
1.988822
1.972357
1.961850
1.945269
1.927289
1.917877
1.912954
1.908101
1.900007
1.888329
1.879039
1.870688
1.852907
1.829964
1.812267
1.795935
1.775790
1.753287
1.736638
1.732700
1.741853
1.753600
1.753383
1.740865
1.719190
1.694302
1.672603
1.645200
1.605357
1.558255
1.514260
1.493027
1.501502
1.522353
1.532635
1.526957
1.510436
1.480730
1.451352
1.431403
1.405241
1.380708
1.371148
1.359127
1.333394
1.299790
1.263105
1.228584
1.198043
1.174005
1.162109
1.153114
1.131762
1.101963
1.079450
1.066048
1.052249
1.031305
1.010977
1.004866
1.010069
1.010993
0.994765
0.964859
0.925900
0.888284
0.869943
0.859972
0.848777
0.839336
0.825987
0.808923
0.789769
0.764316
0.726252
0.680909
0.647638
0.627943
0.611339
0.598113
0.588043
0.579571
0.572992
0.567012
0.557255
0.542462
0.523907
0.499230
0.472766
0.449300
0.425989
0.401393
0.372536
0.337647
0.298342
0.258918
0.230761
0.218862
0.215494
0.205473
0.183768
0.155919
0.123848
0.095282
0.071220
0.043455
0.015585
-0.003917
-0.017258
-0.028522
-0.041381
-0.062419
-0.091129
-0.124888
-0.156796
-0.178152
-0.192947
-0.205618
-0.213716
-0.217148
-0.219371
-0.226573
-0.241003
-0.259757
-0.278591
-0.293335
-0.304962
-0.314933
-0.323712
-0.332150
-0.340384
-0.348609
-0.357490
-0.368149
-0.380474
-0.393472
-0.406609
-0.418148
-0.426866
-0.435271
-0.447028
-0.460875
-0.472510
-0.482507
-0.495384
-0.512193
-0.529394
-0.543521
-0.555892
-0.569617
-0.584168
-0.599672
-0.616620
-0.630156
-0.636213
-0.637491
-0.637547
-0.638977
-0.644316
-0.654116
-0.667946
-0.683762
-0.697117
-0.707422
-0.716493
-0.724302
-0.731069
-0.736926
-0.742359
-0.748258
-0.754567
-0.761000
-0.767319
-0.772710
-0.777154
-0.780981
-0.784209
-0.787698
-0.791511
-0.794730
-0.797589
-0.800666
-0.804162
-0.808014
-0.811975
-0.815491
-0.818261
-0.820608
-0.823167
-0.826448
-0.830203
-0.833859
-0.836854
-0.838980
-0.840324
-0.840902
-0.840847
-0.840455
-0.840173
-0.840138
-0.840080
-0.839601
-0.838551
-0.837328
-0.836369
-0.835626
-0.834916
-0.834021
-0.832604
-0.830845
-0.829083
-0.827280
-0.825265
-0.822913
-0.820250
-0.817378
-0.814465
-0.811587
-0.808532
-0.805179
-0.801651
-0.798002
-0.794130
-0.789918
-0.785358
-0.780539
-0.775612
-0.770664
-0.765629
-0.760491
-0.755185
-0.749588
-0.743726
-0.737649
-0.731398
-0.725051
-0.718587
-0.711967
-0.705167
-0.698142
-0.690888
-0.683434
-0.675820
-0.668076
-0.660188
-0.652123
-0.643873
-0.635447
-0.626858
-0.618115
-0.609219
-0.600166
-0.590950
-0.581570
-0.572036
-0.562359
-0.552536
-0.542564
-0.532447
-0.522182
-0.511768
-0.501209
-0.490509
-0.479676
-0.468710
-0.457613
-0.446386
-0.435030
-0.423547
-0.411940
-0.400211
-0.388364
-0.376399
-0.364319
-0.352126
-0.339823
-0.327411
-0.314894
-0.302274
-0.289552
-0.276732
-0.263815
-0.250805
-0.237703
-0.224513
-0.211236
-0.197875
-0.184432
-0.170911
-0.157314
-0.143642
-0.129900
-0.116088
-0.102211
-0.088271
-0.074269
-0.060210
-0.046094
-0.031926
-0.017708
-0.003443
