-0.000449
-0.000452
-0.000454
-0.000457
-0.000457
-0.000454
-0.000465
-0.000503
-0.000553
-0.000465
-0.000340
-0.000222
-0.000461
-0.001016
-0.001163
-0.000059
0.000931
0.000993
-0.000369
-0.003572
-0.002748
0.001193
0.005354
0.005367
-0.004024
-0.007626
-0.001414
0.003516
0.004182
0.004273
0.001301
-0.006969
-0.012461
-0.007451
-0.005327
0.003438
0.005563
0.002415
-0.001114
-0.007633
-0.006205
-0.001405
0.008783
0.005239
-0.008593
-0.024565
-0.031552
-0.017206
0.014686
0.042379
0.040784
-0.007635
-0.030826
-0.046198
-0.062142
-0.051203
-0.030403
-0.017238
-0.001845
-0.002673
0.016789
0.048211
0.048639
0.022929
0.023090
0.024600
-0.010114
-0.038836
-0.036740
-0.035209
-0.009529
-0.001307
-0.007347
-0.011673
-0.004523
0.020723
0.022325
0.003509
-0.004820
-0.006169
-0.020992
-0.042062
-0.051006
-0.028298
0.029740
0.087145
0.095623
0.023431
-0.022979
-0.034647
0.007973
0.036287
-0.042466
-0.100695
-0.098189
-0.108416
-0.076690
0.027907
0.070696
0.104148
0.086451
0.033995
0.004483
-0.003236
-0.006691
0.005690
-0.032144
-0.063556
-0.085804
-0.032878
0.030082
0.000559
-0.041951
-0.044163
-0.044695
-0.041817
-0.033557
-0.053196
-0.052508
0.016318
0.074754
0.056929
0.033169
0.045118
0.024894
-0.006764
-0.011777
-0.027921
-0.057143
-0.062567
-0.048842
-0.015500
0.018777
0.029361
-0.008042
-0.024226
-0.019550
-0.012007
-0.029176
-0.038284
-0.020128
-0.003384
0.001437
-0.035197
-0.061860
-0.082984
-0.039978
-0.012706
-0.003883
0.000715
-0.019458
-0.025317
-0.007541
0.001208
-0.007101
-0.020876
-0.042138
-0.042239
-0.033284
-0.025859
0.008402
0.031134
0.026004
0.040502
0.062895
0.028176
-0.020786
-0.067410
-0.138214
-0.135663
-0.102894
-0.095727
-0.111802
-0.092895
-0.027810
-0.006737
0.002381
-0.005178
-0.033388
0.010856
0.040600
0.045657
0.072854
0.094206
0.111974
0.098442
0.043807
0.022086
0.011149
-0.018261
-0.057178
-0.086949
-0.089147
0.083936
0.187989
0.160967
0.163711
0.121940
0.086438
0.068288
0.054530
0.042285
-0.010660
-0.078029
-0.118009
-0.114650
0.031707
0.082915
0.006992
-0.076182
-0.083546
-0.129999
-0.180371
-0.192464
-0.180861
-0.175911
-0.187527
-0.177047
-0.157682
-0.149357
-0.126170
-0.074570
-0.029492
-0.014774
-0.050040
-0.065778
-0.059979
-0.074599
-0.026594
0.008403
0.031961
0.054896
-0.038362
-0.138247
-0.159049
-0.213843
-0.233675
-0.173629
-0.147836
-0.111286
-0.064160
-0.019701
0.058880
0.141948
0.221602
0.274193
0.298045
0.265753
0.183840
0.161373
0.185333
0.236380
0.259237
0.300916
0.328106
0.326643
0.320811
0.286322
0.268829
0.259806
0.223635
0.193780
0.171759
0.170232
0.149187
0.123720
0.160994
0.162077
0.134250
0.112155
0.121143
0.261312
0.370679
0.444767
0.433415
0.467854
0.552389
0.569890
0.548731
0.465828
0.440883
0.461378
0.325106
0.155793
0.098873
-0.021360
-0.100175
-0.202802
-0.194228
0.152785
0.366764
0.413383
0.316176
0.268933
0.375671
0.527026
0.471127
0.405541
0.381800
0.326182
0.234942
0.172535
0.165798
0.112153
0.035975
0.006891
-0.047481
-0.125761
-0.147524
-0.212631
-0.222322
-0.205827
-0.314636
-0.395083
-0.456931
-0.390283
-0.214085
-0.341866
-0.395207
-0.308268
-0.271830
-0.246568
-0.219409
-0.255114
-0.292830
-0.239801
-0.259541
-0.370192
-0.416814
-0.518272
-0.620660
-0.496160
-0.423484
-0.474284
-0.628483
-0.696859
-0.672052
-0.516204
-0.312516
-0.339843
-0.311863
-0.219702
-0.169181
-0.158273
-0.218957
-0.224517
-0.218894
-0.230909
-0.173213
-0.119895
-0.081686
0.016047
0.039031
-0.105153
-0.186497
-0.181660
-0.097486
0.012707
0.094229
0.113662
0.119240
0.040496
0.032668
0.071706
0.032502
-0.083126
-0.193268
-0.181523
-0.126798
-0.144570
-0.197906
-0.173779
-0.093531
-0.040440
0.106646
0.170543
0.167598
0.220997
0.226829
0.227567
0.256299
0.270641
0.253612
0.228757
0.226889
0.221729
0.222464
0.222847
0.200563
0.186329
0.179184
0.160089
0.153787
0.183229
0.205311
0.233000
0.259025
0.266608
0.244926
0.240161
0.217844
0.178865
0.168632
0.134344
0.109608
0.106923
0.092461
0.070361
0.057662
0.055741
0.054512
0.059026
0.081130
0.069498
0.063299
0.084664
0.061521
-0.036942
-0.109832
-0.153213
-0.219533
-0.216750
-0.186793
-0.170652
-0.196675
-0.241021
-0.250888
-0.285927
-0.192116
-0.132731
-0.042158
0.129592
0.279611
0.408492
0.447911
0.460429
0.360748
0.263643
0.204221
0.072951
-0.017227
-0.054313
-0.108430
-0.149734
-0.159418
-0.162522
-0.189757
-0.256276
-0.321586
-0.189381
-0.149756
-0.181687
-0.178193
-0.217027
-0.279144
-0.308892
-0.280885
-0.230168
-0.211061
-0.219176
-0.125836
0.088799
0.323937
0.371793
0.425319
0.524669
0.429823
0.154888
0.154278
0.073640
-0.004026
0.056526
0.061283
0.025545
0.085275
0.099932
0.036137
0.002431
-0.090113
-0.208786
-0.210188
-0.174482
-0.191405
-0.165161
-0.206593
-0.208011
-0.122813
-0.107000
-0.180129
-0.145140
-0.127613
-0.199025
-0.226621
-0.253321
-0.264354
-0.205955
-0.216127
-0.202993
-0.127382
-0.068093
-0.016427
0.018266
-0.060938
-0.128471
-0.082582
0.024183
0.112984
0.216582
0.267666
0.091816
0.100949
0.112027
0.047426
-0.097120
-0.232293
-0.248641
-0.311671
-0.324334
-0.197589
-0.210849
-0.256462
-0.129512
-0.004196
-0.026160
0.082088
0.202545
-0.004147
-0.143553
-0.164216
-0.249436
-0.151343
-0.043866
-0.087514
-0.092363
-0.095393
-0.104840
-0.123769
-0.039709
0.039696
-0.066984
-0.126752
-0.143401
-0.296674
-0.240585
-0.110199
-0.039978
-0.030698
-0.046445
-0.067362
-0.047071
0.022499
0.052429
0.003921
-0.016067
0.052171
0.102694
0.153977
0.211722
0.218588
0.162282
0.119546
0.131140
0.104954
0.084139
0.095303
0.119484
0.162959
0.202968
0.254129
0.303654
0.312167
0.319297
0.322787
0.313212
0.296250
0.261842
0.196694
0.140462
0.070883
0.036472
0.041614
0.023138
-0.016580
-0.017561
0.051390
0.053174
0.042174
0.081971
0.113614
0.108609
0.042248
0.025590
0.073789
0.066668
-0.049397
-0.277773
-0.392742
-0.191797
0.270601
0.050917
-0.154797
-0.043471
0.001199
-0.023121
-0.066463
-0.186108
-0.322318
-0.473941
-0.483023
-0.411248
-0.445974
-0.388335
-0.180184
-0.123764
-0.230013
-0.330414
-0.234824
-0.139172
-0.067997
0.073057
0.227768
0.410896
0.654265
0.795234
0.607443
0.411754
0.423337
0.305802
0.167967
0.047083
-0.107159
-0.163078
-0.079924
0.044359
0.179140
-0.218337
-0.420136
-0.433968
-0.310665
-0.350289
-0.454585
-0.376614
-0.215808
-0.229080
-0.183200
0.019264
0.024910
0.066432
0.000106
0.033786
0.127682
0.052051
-0.015126
-0.029534
-0.087425
-0.113820
-0.120256
-0.130416
0.121038
0.392153
0.369257
0.308974
0.127615
0.039121
-0.011574
-0.090102
-0.132160
-0.167239
-0.214377
-0.246748
-0.256236
-0.256854
-0.216861
-0.134486
-0.070335
-0.059429
-0.102950
-0.189322
-0.311925
-0.440182
-0.140041
0.055979
-0.071245
-0.041529
0.078246
0.086563
0.102618
0.205311
0.158822
-0.017972
-0.002156
0.103349
0.055250
-0.157672
-0.202829
-0.326581
-0.417037
-0.135474
0.411076
0.191033
-0.021718
0.128521
0.111741
0.094170
0.141709
0.165675
0.190146
0.255945
0.332253
0.334610
0.303131
0.255739
0.112587
0.099452
0.078161
0.000818
-0.123708
-0.149859
-0.117583
-0.120786
-0.211641
-0.273001
-0.264122
-0.279483
-0.326874
-0.348177
-0.323618
-0.197679
0.010494
0.028381
0.085417
0.341586
0.732418
0.936191
0.778739
0.693415
0.638241
0.444436
0.336084
0.312860
0.218091
0.091100
0.035803
-0.010563
-0.038983
-0.023275
0.016551
-0.031933
0.013828
0.093481
0.112505
0.038703
-0.135711
-0.296187
-0.325105
-0.294304
-0.326759
-0.227762
-0.202989
-0.361857
-0.467363
-0.492104
-0.393015
-0.261709
-0.281927
-0.315719
-0.336249
-0.420145
-0.415444
-0.209858
-0.206296
-0.182152
0.013945
0.337776
1.058157
1.219037
1.020706
0.897672
0.605317
0.439208
0.470867
0.554016
0.461223
0.109012
-0.174062
-0.035424
0.241880
0.241265
0.134353
0.115717
0.083680
-0.060558
-0.066120
0.038561
0.024689
-0.116799
-0.232262
-0.354505
-0.504951
-0.555665
-0.617083
-0.475409
-0.234399
-0.301512
-0.369595
-0.200030
0.030143
0.165898
0.212650
0.168993
0.016993
0.118858
0.300639
0.305275
0.293117
0.300499
0.470268
0.641384
0.848362
0.835078
0.598159
0.446621
0.190931
0.186403
0.209321
0.185671
0.153481
0.127758
0.084602
0.009564
-0.028720
-0.143810
-0.223824
-0.066193
0.023449
-0.059170
-0.135785
0.087807
0.330453
0.443719
0.590214
0.488617
0.239995
-0.157257
-0.353313
-0.519043
-0.538076
-0.250210
-0.211288
-0.502028
-0.659965
-0.744987
-0.951212
-0.946579
-0.318917
-0.085933
0.158908
0.498072
0.184022
0.109687
0.202527
0.104811
0.024050
-0.020393
-0.041796
-0.063974
-0.064206
-0.093737
-0.114233
-0.033613
0.104615
0.076743
-0.017602
-0.066417
-0.032765
0.260539
0.295592
0.318167
0.398567
0.334042
0.193955
0.068743
-0.096938
-0.305343
-0.280641
-0.030971
-0.001204
-0.107922
-0.045866
-0.016541
0.060859
0.127145
0.127181
0.056891
0.057305
0.043828
-0.050320
-0.093941
0.044271
0.290718
0.459174
0.240654
-0.076159
-0.010985
-0.036160
-0.119413
-0.072292
-0.092409
-0.136460
-0.141636
-0.195051
-0.210164
-0.216992
-0.251272
-0.224837
-0.130901
0.067465
0.168392
0.374697
0.434091
0.439656
0.473166
0.451163
0.279714
0.101071
-0.055016
-0.263575
-0.304118
-0.305688
-0.328609
-0.373445
-0.386965
-0.336023
-0.314034
-0.324188
-0.293929
-0.291487
-0.296648
-0.197501
-0.074210
0.012316
0.053776
0.133164
0.179207
0.200774
0.201748
0.148745
0.041493
-0.037578
-0.093531
-0.098390
-0.073376
-0.080710
-0.102205
-0.136860
-0.164576
-0.126144
-0.030205
0.011843
0.045649
0.111502
0.157589
0.166535
0.168969
0.171128
0.169815
0.164743
0.134917
0.083753
0.031545
-0.007039
-0.060842
-0.084064
-0.108580
-0.132235
-0.149262
-0.165334
-0.167168
-0.166213
-0.192624
-0.206345
-0.159951
-0.065469
0.015753
0.073764
0.152124
0.270642
0.350750
0.285455
0.202994
0.154772
0.090223
0.056120
0.022442
-0.027327
-0.121162
-0.180468
-0.190091
-0.192036
-0.173190
-0.165375
-0.099081
-0.039656
-0.041732
-0.039139
-0.013035
0.021446
0.048927
0.053572
0.053098
0.074873
0.071839
0.012032
0.005515
-0.019881
-0.120045
-0.123126
-0.095515
-0.097416
-0.130854
-0.161624
-0.166575
-0.134370
-0.095855
-0.001441
0.012624
0.069125
0.164203
0.176890
0.197896
0.202946
0.183330
0.166364
0.138478
0.110714
0.075015
0.030203
0.024220
0.021634
0.003555
-0.013565
-0.055405
-0.083915
-0.087513
-0.132797
-0.149602
-0.160063
-0.165039
-0.146825
-0.141622
-0.138613
-0.110122
-0.084166
-0.071874
-0.094566
-0.145589
-0.133207
-0.042313
0.000857
0.023137
-0.028325
-0.099819
-0.082769
-0.069754
0.002395
0.055943
0.071023
0.112411
0.104385
0.034708
0.047601
0.065991
0.049070
0.009396
-0.002175
-0.024345
-0.066942
-0.077918
-0.091343
-0.119948
-0.112880
-0.104064
-0.110188
-0.138236
-0.115086
0.014676
0.102542
0.157712
0.139152
0.091164
0.100825
0.133424
0.108711
0.080937
0.087775
0.106649
0.131483
0.142232
0.119718
0.073688
0.040508
0.040540
0.063547
0.059859
0.082922
0.096507
0.074363
0.056594
0.054304
0.054342
0.044584
0.014832
-0.018955
-0.042949
-0.063169
-0.086966
-0.112163
-0.124087
-0.124497
-0.120798
-0.097197
-0.052226
-0.032121
-0.017740
0.004127
0.006898
0.014501
0.034195
0.055126
0.073108
0.084494
0.091660
0.081355
0.071777
0.070545
0.058377
0.046977
0.033455
0.006821
-0.011936
-0.023018
-0.037935
-0.040509
-0.034563
-0.042698
-0.055977
-0.084278
-0.112710
-0.105867
-0.096532
-0.113245
-0.103470
-0.055360
0.014881
0.039376
0.056087
0.086783
0.065130
0.042819
0.032803
0.025814
0.018847
0.003045
-0.028792
-0.041311
-0.045453
-0.027531
-0.005607
-0.000138
0.015808
0.029958
0.021126
0.022343
0.020303
-0.003200
-0.016362
-0.014035
-0.003316
-0.010685
-0.032589
-0.064304
-0.090730
-0.100973
-0.042097
-0.013265
-0.013775
0.008140
0.030215
0.041155
0.023992
0.020654
0.029379
0.017093
0.005034
0.003794
0.019739
0.029230
0.024348
0.023648
0.024310
0.016515
0.003308
-0.005734
-0.021370
-0.029858
-0.022359
-0.015270
-0.025142
-0.016631
0.006760
0.012813
0.007546
0.004314
0.011524
0.013475
0.000290
-0.005798
-0.011473
-0.014985
-0.007417
-0.009213
-0.011467
-0.005493
-0.008095
-0.014133
-0.015678
-0.019410
-0.023954
-0.027829
-0.032036
-0.034337
-0.025152
-0.023966
-0.017675
-0.009568
-0.019537
-0.022269
-0.016049
-0.011725
-0.000054
0.017583
0.029021
0.032007
0.037031
0.047528
0.055321
0.057916
0.041993
0.011479
-0.004359
0.000287
0.007998
0.010435
0.010195
0.016489
0.024100
0.032928
0.025830
0.019302
0.022041
0.017564
0.004460
-0.010176
-0.030820
-0.035324
-0.034954
-0.030988
-0.024079
-0.024179
-0.026647
-0.033152
-0.036285
-0.032994
-0.035139
-0.026175
0.000101
0.032605
0.042819
0.032314
0.029278
0.029015
0.039320
0.050938
0.044557
0.019698
0.012363
0.014295
0.009192
0.011913
0.014067
0.008590
0.006482
0.004889
0.001814
0.004567
0.006473
0.005039
0.002023
0.000399
0.003888
0.016385
0.030014
0.042347
0.004738
-0.012406
-0.010019
-0.032770
-0.038225
-0.024760
-0.031405
-0.031346
-0.019414
-0.012517
-0.001689
0.001446
0.000026
0.011344
0.023353
0.044024
0.058169
0.054396
0.047942
0.038383
0.027853
0.025214
0.028304
0.026459
0.019712
0.015916
0.012293
0.006684
0.006617
0.011059
0.010076
0.000774
-0.001596
0.008017
-0.000112
0.001330
0.011426
0.003210
-0.003138
0.000068
0.005149
0.006068
0.011214
0.020616
0.022284
0.024324
0.024805
0.019789
0.016303
0.012324
0.006926
0.005373
0.007562
0.016123
0.028458
0.024673
0.019329
0.007561
0.000852
-0.009730
-0.012163
-0.006891
-0.015226
-0.015006
-0.009252
-0.008925
0.000190
0.012126
0.006819
-0.004575
-0.008161
-0.015431
-0.017110
-0.018351
-0.026183
-0.034565
-0.033277
-0.029795
-0.019032
-0.007927
-0.009515
0.004471
0.026766
0.034069
0.025374
0.014240
0.012604
0.013645
0.008728
-0.005899
-0.018563
-0.014567
-0.012116
0.004359
0.001069
-0.006911
-0.013591
-0.023289
-0.032578
-0.034123
-0.031769
-0.041858
-0.049145
-0.044145
-0.044805
-0.047947
-0.046270
-0.040430
-0.027576
-0.006898
-0.004160
-0.013575
-0.000334
0.012598
0.014506
0.016658
0.007057
-0.021056
-0.027723
-0.023978
-0.022676
-0.015420
-0.021956
-0.027666
-0.030251
-0.038120
-0.038693
-0.015056
-0.010682
-0.032062
-0.042165
-0.048524
-0.045833
-0.032009
-0.015366
-0.009585
-0.002492
0.008319
0.007151
-0.000077
-0.001328
-0.001375
0.000272
-0.008710
-0.022063
-0.028113
-0.027523
-0.012792
0.000380
-0.000386
-0.007106
-0.004359
0.000979
0.002208
-0.001272
-0.000847
0.003851
0.005396
0.003312
0.000159
-0.001257
-0.002954
-0.009766
-0.013594
-0.006876
-0.007373
-0.011003
0.000288
0.004056
0.002340
-0.006382
-0.024584
-0.020327
-0.016432
-0.014905
-0.004978
-0.005850
-0.009207
-0.002787
0.001608
0.004299
0.009916
0.003252
-0.004377
-0.006479
-0.003321
-0.002436
0.003416
0.001813
-0.014130
-0.002747
-0.003764
-0.003768
0.000309
-0.009729
-0.015494
-0.018294
-0.018846
-0.012847
-0.010720
-0.011381
-0.010976
-0.011582
0.001798
0.008661
-0.004215
-0.001332
0.002329
-0.000332
0.000842
0.001833
0.001105
-0.001393
-0.003896
-0.005913
-0.008022
-0.004413
0.000064
0.000800
-0.002202
-0.001210
0.003703
0.004925
0.003537
0.002649
0.006052
0.008216
0.009396
0.010237
0.007814
0.007760
0.008721
0.007334
0.006200
0.005810
0.005621
0.007088
-0.004289
-0.017638
-0.021554
-0.019707
-0.015367
-0.006531
0.002940
0.008919
0.017129
0.021570
0.033092
0.040904
0.040740
0.024989
0.018922
0.015938
0.014885
0.016930
0.016940
0.018559
0.017109
0.009270
0.008320
0.013170
0.013079
0.010736
0.004077
-0.000140
0.001662
-0.000475
-0.004725
0.008023
0.015914
0.021791
0.035446
0.046457
0.052356
0.050898
0.039788
0.025903
0.007081
0.003392
-0.004904
-0.004311
-0.003334
-0.004044
-0.002421
-0.001152
0.006969
0.011165
0.015844
0.016301
0.008520
0.007263
0.006765
0.002852
0.000702
0.000178
0.007245
0.012883
0.016946
0.022006
0.011458
-0.001430
-0.003296
-0.004162
-0.006417
-0.002394
-0.004560
-0.009772
-0.006697
-0.001990
-0.001242
0.001950
0.006173
0.008997
0.007733
0.004183
-0.000708
-0.005253
-0.012249
-0.018762
-0.022839
-0.027084
-0.027915
-0.028791
-0.030595
-0.031273
-0.029215
-0.024765
-0.018451
-0.001728
0.010607
0.021799
0.031728
0.030254
0.027274
0.023681
0.021057
0.013120
0.002756
-0.004677
-0.012403
-0.003991
0.007153
0.003809
0.009131
0.015227
0.010660
0.001793
-0.012221
-0.028921
-0.028610
-0.025126
-0.019720
-0.026671
-0.025956
-0.023210
-0.011419
-0.001533
-0.001491
-0.001547
-0.004885
-0.010865
-0.013755
-0.010838
-0.011103
-0.014835
-0.010888
-0.004411
-0.003107
-0.006072
-0.007042
-0.005726
-0.006107
-0.011782
-0.014879
-0.015373
-0.008863
-0.004870
-0.006906
-0.006241
-0.004390
-0.001377
0.001580
0.004682
0.011689
0.014815
0.016097
0.020093
0.019467
0.014362
0.015349
0.017758
0.016862
0.017769
0.018931
0.016827
0.014178
0.013519
0.017397
0.020869
0.021858
0.012034
-0.002951
-0.015718
-0.024974
-0.021378
-0.014851
-0.012887
-0.012071
-0.009612
0.000323
0.010149
0.015412
0.009542
0.005062
-0.007538
-0.027474
-0.026942
-0.021931
-0.016200
-0.015677
-0.016496
-0.007258
-0.003344
-0.000085
0.001285
-0.002657
0.000337
-0.002675
-0.009501
-0.003685
0.002537
0.001906
-0.003695
-0.005995
-0.001964
0.000140
-0.005415
-0.008953
-0.005736
-0.004434
-0.006450
-0.007852
-0.006055
-0.004355
-0.003427
-0.001691
-0.000969
-0.004352
-0.005618
0.004826
0.017785
0.013627
0.002854
0.011156
0.019254
0.014632
0.006962
0.005832
0.013904
0.018074
0.016636
0.009617
0.001847
-0.001925
0.007244
0.016297
0.012575
0.001324
-0.004293
-0.010958
-0.002835
0.009199
0.000621
0.000954
0.008365
0.013367
0.017710
0.024675
0.029958
0.020626
-0.000292
-0.006767
0.009883
0.007698
-0.006077
-0.006185
0.003662
0.011590
0.020747
0.019645
0.005646
0.006206
0.002375
0.002989
0.002423
-0.013619
-0.023068
-0.020637
-0.004172
0.009957
-0.003040
-0.012548
-0.008805
-0.005267
-0.006455
-0.004806
-0.008213
-0.012603
-0.014853
-0.015093
-0.006124
-0.000597
-0.000498
0.001870
0.009693
0.014435
0.022163
0.022166
0.009340
0.000668
-0.006028
-0.008853
-0.012706
-0.017110
-0.019767
-0.019907
-0.013058
-0.008769
-0.009355
-0.011911
-0.009704
-0.001873
0.003200
0.010219
0.024049
0.031714
0.031509
0.034747
0.038227
0.036586
0.030792
0.021722
0.011204
0.001879
-0.008683
-0.011799
-0.001648
-0.002764
-0.010452
-0.010550
-0.010139
-0.004558
0.006067
0.011611
0.003440
-0.002729
-0.004703
-0.002471
0.001194
-0.000493
0.000614
0.005023
0.010373
0.010888
0.011674
0.013379
0.013872
0.016856
0.020754
0.023426
0.027218
0.031088
0.029881
0.022397
0.015295
0.011825
0.006922
-0.002611
-0.015159
-0.021322
-0.015009
-0.013608
-0.013123
-0.008825
-0.006281
-0.003911
-0.000947
0.001656
0.000139
-0.008252
-0.014988
-0.032475
-0.032342
-0.032196
-0.035034
-0.027903
-0.027277
-0.025625
-0.023344
-0.022449
-0.010677
-0.000169
0.014402
0.030701
0.041180
0.039622
0.042622
0.052208
0.049438
0.028769
0.002329
-0.020295
-0.036713
-0.046775
-0.042946
-0.045514
-0.044053
-0.027246
-0.020357
-0.020943
-0.008047
0.004496
0.009873
0.017465
0.017700
0.008491
0.007548
0.012975
0.008033
-0.002087
-0.006306
-0.011087
-0.007493
-0.000402
-0.002149
-0.009735
-0.021503
-0.020902
-0.018941
-0.016209
-0.009945
-0.003259
0.000632
0.005609
0.009631
0.009520
0.015367
0.024412
0.032695
0.033613
0.024461
0.015501
0.008338
0.000914
-0.003670
-0.005857
-0.010123
-0.016798
-0.022998
-0.024772
-0.027433
-0.029076
-0.021869
-0.011842
-0.006211
0.001933
0.010871
0.014598
0.013794
0.016440
0.017655
0.012821
0.006045
0.003659
0.011189
0.014481
0.008111
0.000799
-0.003234
-0.003684
-0.002659
-0.009171
-0.018944
-0.022715
-0.017653
-0.007872
-0.000171
0.003145
-0.009526
-0.012806
-0.013948
-0.014734
-0.004027
-0.001133
0.001910
0.009188
0.015021
0.019633
0.017371
0.013995
0.008645
-0.006579
-0.011235
-0.013486
-0.021598
-0.024755
-0.021456
-0.021186
-0.020576
-0.014348
-0.009112
-0.004891
0.004192
0.014970
0.023351
0.022564
0.015824
0.016527
0.016960
0.026082
0.022848
0.011140
-0.020386
-0.026080
-0.016754
-0.016324
-0.020243
-0.022864
-0.023939
-0.022449
-0.009440
-0.000536
-0.007897
-0.013950
-0.015132
-0.008109
0.011677
0.014185
0.007299
0.010293
0.012574
0.014279
0.016159
0.018592
0.021132
0.022516
0.017246
0.013384
0.010815
0.010533
0.015435
0.009354
0.003064
0.001162
-0.004413
-0.009969
-0.014726
-0.020619
-0.026897
-0.034638
-0.040107
-0.030685
-0.021642
-0.010667
0.007466
0.024050
0.030280
0.031286
0.032496
0.032211
0.024275
0.007613
0.008299
0.007452
0.000358
-0.002068
-0.010323
-0.017537
-0.012358
-0.009620
-0.011591
-0.013059
-0.008798
0.002384
0.009843
0.015360
0.008209
0.000210
-0.005628
-0.009327
-0.006793
-0.009995
-0.017641
-0.021154
-0.017569
-0.010786
-0.008439
-0.006386
-0.009445
-0.005526
0.004213
0.007670
0.011823
0.010641
0.010011
0.012286
0.012971
0.006532
0.000211
-0.003366
0.000845
0.011149
0.015201
0.016937
0.019378
0.022172
0.022126
0.022809
0.025012
0.021316
0.013837
0.009498
0.002342
-0.002592
-0.002527
-0.005182
-0.007497
-0.008465
-0.009939
-0.008548
-0.006297
-0.008778
-0.010687
-0.007338
-0.001968
0.000029
0.002004
0.005350
0.010964
0.016508
0.019259
0.022207
0.025776
0.025374
0.021114
0.017332
0.013082
0.006742
0.001368
-0.001707
0.003722
0.006040
0.001375
0.003182
0.011607
0.013860
0.013366
0.009139
0.005636
0.001767
-0.005990
-0.011546
-0.006621
-0.001448
0.000503
0.007384
0.012414
0.013987
0.018029
0.021537
0.019421
0.013522
0.011682
0.015702
0.023342
0.026606
0.018639
0.003501
-0.001659
0.006505
0.009354
0.010392
0.010747
0.007559
0.004635
-0.002568
-0.006501
-0.006128
-0.008836
-0.010891
-0.007944
0.003344
0.009793
0.012946
0.019944
0.025973
0.025284
0.015997
0.011450
0.003208
-0.010127
-0.019846
-0.028054
-0.017878
-0.010763
-0.019836
-0.018891
-0.010291
-0.005694
-0.002748
0.000842
0.004673
0.004611
0.000178
-0.000598
0.002946
0.005066
0.003614
0.001111
0.000554
0.000626
0.003522
-0.000428
-0.009458
-0.011175
-0.014107
-0.019020
-0.017208
-0.016889
-0.020413
-0.017474
-0.014183
-0.011379
-0.004412
0.003185
0.011379
0.011559
0.010361
0.007270
0.001198
-0.004552
-0.010367
-0.008246
0.001693
0.001665
-0.003552
-0.003452
-0.000719
0.001430
0.002589
0.002704
0.002487
0.004089
0.006273
0.006710
0.002316
-0.001603
-0.004187
-0.006367
-0.007078
-0.008725
-0.010554
-0.012605
-0.014464
-0.016463
-0.015250
-0.010986
-0.013826
-0.021047
-0.023838
-0.025315
-0.016384
-0.009734
-0.005211
-0.001424
0.000918
0.004751
0.010897
0.012216
0.003726
-0.000384
-0.006151
-0.011252
-0.006788
-0.005836
-0.009569
-0.014240
-0.016745
-0.020479
-0.015049
-0.003306
-0.002577
-0.006765
-0.005049
-0.002992
-0.002871
-0.004852
-0.011003
-0.015077
-0.019437
-0.025057
-0.028475
-0.019662
-0.011728
-0.009821
-0.008578
-0.005403
-0.002915
0.004355
0.012872
0.013615
0.009171
0.009711
0.012746
0.016925
0.019434
0.021823
0.022131
0.019651
0.015958
0.005232
-0.001253
-0.007603
-0.019729
-0.029115
-0.033225
-0.039796
-0.045402
-0.045877
-0.043290
-0.035275
-0.019260
-0.010300
-0.004152
0.004440
0.010612
0.016852
0.022196
0.019524
0.019648
0.023153
0.020700
0.016766
0.015530
0.011162
0.006472
0.002889
-0.000793
0.000086
0.000256
-0.000604
-0.000361
-0.000898
-0.001399
-0.001574
-0.000379
0.001056
0.002614
0.006271
0.009316
0.011582
0.008957
0.005198
0.003321
0.000151
-0.001001
-0.001898
-0.003748
-0.004797
-0.005392
-0.001088
0.004991
0.008260
0.010664
0.014081
0.015748
0.013353
0.007554
0.004163
0.001071
-0.002673
0.000655
0.002400
-0.000403
0.000543
0.002892
0.003624
0.004622
0.004458
0.003542
0.004800
0.005501
0.004696
0.002914
0.001856
0.002099
0.003894
0.004625
0.005732
0.007283
0.008522
0.009431
0.007926
0.006880
0.006376
0.006148
0.006735
0.006798
0.007852
0.010936
0.013137
0.015302
0.016556
0.013945
0.012719
0.012201
0.013792
0.014648
0.011669
0.010234
0.009282
0.008367
0.009424
0.009569
0.007436
0.000032
-0.004083
-0.001405
0.000456
0.000869
0.000515
-0.004834
-0.008006
-0.009136
-0.009131
-0.002608
0.002662
0.004453
0.003978
0.005525
0.008830
0.010774
0.012107
0.008932
0.005721
0.005249
0.012065
0.015695
0.014437
0.017187
0.018342
0.007734
-0.002468
-0.003355
-0.009039
-0.018603
-0.028846
-0.036151
-0.029063
-0.023178
-0.027159
-0.023797
-0.014557
-0.000602
0.007260
0.011966
0.016632
0.019414
0.022539
0.022851
0.016533
0.012165
0.008672
0.005391
0.002252
-0.001066
-0.003974
-0.006803
-0.009754
-0.012658
-0.015533
-0.018456
-0.021678
-0.024994
-0.026375
-0.021203
-0.017993
-0.015305
-0.007260
0.001251
0.006253
0.008162
0.005982
0.002750
0.000965
0.000955
0.001977
0.000152
-0.002393
-0.003183
-0.000702
0.004041
0.005887
0.004574
0.003358
-0.000886
-0.005153
-0.008910
-0.013467
-0.012904
-0.007686
-0.007945
-0.008186
-0.006168
-0.002776
0.003863
0.007580
0.002609
-0.004137
-0.007707
-0.008665
-0.010430
-0.012719
-0.013235
-0.009287
-0.004962
0.003118
0.010709
0.005097
0.006539
0.008137
0.008123
0.009015
0.005133
-0.001709
-0.008876
-0.009380
-0.002982
-0.003217
-0.006682
-0.006735
-0.005353
0.000086
0.004197
0.007842
0.007654
0.004215
0.008652
0.013066
0.013656
0.016124
0.014174
0.011494
0.010043
0.005870
0.002185
-0.001012
-0.004841
-0.008499
-0.006645
-0.000020
0.001781
0.005122
0.009227
0.007063
0.006140
0.006462
0.004945
0.003855
0.003088
0.002002
0.002546
0.006858
0.008264
0.004410
0.003186
0.003404
0.004063
0.004301
0.004822
0.005660
0.005207
0.003762
0.003433
0.004169
0.004592
0.004844
0.005516
0.005935
0.004182
0.001788
0.000403
-0.000112
0.001189
-0.000309
-0.003686
-0.005109
-0.006610
-0.004072
-0.002003
-0.000940
0.001408
0.002553
0.003609
0.005159
0.005704
0.001629
-0.002083
-0.004581
-0.008588
-0.009679
-0.007077
-0.006898
-0.004853
-0.001488
0.000661
0.003319
0.005990
0.004273
0.002505
-0.000333
-0.003760
-0.006381
-0.005161
-0.003411
-0.003164
-0.002640
-0.002690
-0.002492
-0.000815
0.003445
0.006078
0.001441
-0.006877
-0.010918
-0.013647
-0.011182
-0.008263
-0.006455
-0.003064
0.000150
0.001715
0.003376
0.005480
0.007103
0.007468
0.004831
0.003341
0.001968
-0.001129
-0.004600
-0.006948
-0.004435
-0.000238
0.000444
-0.001300
-0.001503
-0.001864
-0.003350
-0.005785
-0.008635
-0.010975
-0.013695
-0.015192
-0.013063
-0.009814
-0.006980
-0.005090
-0.002728
-0.000192
-0.000790
-0.001474
0.002842
0.003138
0.001525
0.002218
0.002312
0.001877
0.000613
-0.000201
0.000319
-0.000173
-0.002716
-0.004750
-0.006399
-0.008733
-0.010003
-0.008927
-0.008872
-0.009600
-0.010080
-0.010382
-0.008619
-0.004694
-0.002575
-0.001051
-0.002311
-0.002686
-0.001150
-0.000467
-0.002805
-0.003573
-0.004191
-0.004739
-0.002557
-0.001239
-0.000239
0.001401
0.002837
0.004178
0.004916
0.003028
0.001956
0.002849
0.003891
0.004158
0.003415
-0.000083
-0.002241
-0.002216
-0.001629
-0.002169
-0.002683
-0.003123
-0.002432
-0.000834
-0.001502
-0.003428
-0.003995
-0.005146
-0.006170
-0.002034
0.001686
0.002394
0.005157
0.004800
0.003797
0.004027
0.002641
0.001147
0.000204
-0.000296
0.000176
-0.000742
-0.002005
-0.000479
0.003968
0.000818
-0.007128
-0.009621
-0.009755
-0.005134
-0.003181
-0.003528
-0.005331
-0.003528
0.003846
0.013093
0.016702
0.018762
0.020489
0.018044
0.015148
0.009749
0.005344
0.000928
-0.002246
-0.005176
-0.008061
-0.006664
-0.006138
-0.008379
-0.008885
-0.005904
-0.005636
-0.008482
-0.006093
-0.000355
0.001244
0.003582
0.007037
0.009679
0.012297
0.011571
0.007481
0.006223
0.003772
0.000529
-0.001963
-0.003583
-0.003602
-0.004760
-0.005872
-0.007544
-0.009710
-0.011442
-0.011830
-0.008404
-0.006491
-0.005564
-0.003437
-0.001532
-0.000474
-0.002433
-0.003574
-0.003007
-0.003688
-0.004971
-0.006479
-0.007729
-0.007946
-0.000148
0.006049
0.007488
0.003934
0.002769
0.001747
0.002101
0.003421
0.000769
-0.002105
-0.003394
-0.005954
-0.004173
0.002015
0.004490
0.005681
0.001124
-0.001735
-0.003151
-0.005242
-0.007499
-0.009518
-0.013031
-0.015776
-0.010950
-0.004325
-0.003169
-0.000194
0.004445
0.009303
0.010651
0.006209
0.005291
0.005405
0.003516
0.001513
-0.001214
-0.003706
-0.005440
-0.002295
-0.000108
0.001089
0.001593
-0.001122
-0.001825
-0.001410
-0.002236
-0.001778
-0.000004
0.000718
0.001805
0.002195
-0.000023
0.000262
0.003301
0.005751
0.006266
0.003503
0.003082
0.002315
0.000064
-0.003050
-0.003358
-0.003488
-0.004863
-0.004653
-0.003162
-0.002600
-0.001505
0.000656
0.001583
-0.000171
-0.000352
0.001783
0.003997
0.006036
0.006797
0.006880
0.006071
0.003209
0.000774
0.000056
-0.001379
-0.005922
-0.008381
-0.010329
-0.012063
-0.008263
-0.003140
-0.001034
-0.000150
-0.004559
-0.005951
0.001286
0.009735
0.021088
0.013410
-0.003954
-0.013314
-0.011041
-0.005778
-0.002069
-0.003710
-0.002081
-0.000365
-0.000645
-0.001745
-0.003331
-0.000721
0.005188
-0.001256
-0.008352
-0.009169
-0.004802
0.003072
0.008843
0.013418
0.007197
0.003706
0.010632
0.013559
0.008736
0.001591
-0.006950
-0.008541
-0.005087
-0.002121
-0.000280
-0.003348
-0.002590
0.000612
-0.000147
-0.001906
-0.004006
-0.006061
-0.007589
-0.006730
-0.002930
-0.000064
0.001149
0.000889
0.001525
0.004803
0.008223
0.010010
0.009669
0.004921
0.001830
0.003796
0.004725
0.001461
0.000758
0.001805
0.003462
0.006066
0.007895
0.002707
0.002471
0.001509
-0.001665
-0.002602
-0.001482
-0.002210
-0.002777
-0.002604
-0.002881
-0.001361
0.003855
0.007851
0.007878
0.006496
0.005770
0.003482
-0.000342
-0.003725
-0.006309
-0.003961
-0.001138
0.000118
0.003108
0.006074
0.006610
0.005435
0.003867
0.001559
-0.000679
-0.000509
0.001924
0.003285
0.007035
0.010534
0.010474
0.005769
0.005687
0.006206
0.002985
0.001072
0.000251
0.001798
0.003206
0.001939
0.001505
0.003150
0.004111
0.003340
0.001586
0.000595
-0.002460
-0.005640
-0.007688
-0.009863
-0.008041
-0.005586
-0.003873
0.000897
0.006064
0.010158
0.013515
0.010983
0.006652
0.001800
-0.001095
-0.002411
-0.002531
-0.003817
-0.010584
-0.013876
-0.008481
-0.001320
0.000438
0.001034
0.000823
-0.002067
-0.004946
-0.006472
-0.000571
0.000742
-0.006678
-0.008362
-0.009269
-0.004090
0.006016
0.014245
0.012578
0.007738
0.000370
-0.000784
-0.000262
-0.002700
-0.005982
-0.013354
-0.018631
-0.016412
-0.004390
0.000161
0.005918
0.012651
0.013742
0.008879
0.006163
0.009409
0.006068
-0.000746
-0.002980
-0.008529
-0.013475
-0.003575
0.007742
0.006181
0.000421
-0.006246
-0.011699
-0.010630
-0.004460
-0.001266
-0.004727
-0.006410
-0.004259
0.004359
0.006583
0.008120
0.017238
0.019476
0.006238
-0.008785
-0.006640
0.000171
0.002249
-0.003807
-0.010959
-0.016017
-0.018040
-0.002479
0.015587
0.001864
-0.010318
-0.021823
-0.016916
-0.005846
0.006659
0.032016
0.033621
0.009822
-0.002177
0.006614
0.013692
-0.000676
-0.014098
-0.012204
-0.017273
-0.023472
-0.017024
0.002999
0.005326
-0.002042
-0.002789
-0.009579
-0.010832
-0.000435
0.009572
0.012767
0.004867
0.008409
0.009119
-0.000691
-0.007121
-0.004377
0.007695
0.006646
-0.003453
-0.024675
-0.028271
-0.009473
0.002937
0.009315
0.006165
0.001771
-0.000035
-0.004958
-0.001600
0.023795
0.038765
0.012680
-0.023858
-0.030765
-0.010368
0.020527
0.017429
-0.016576
-0.033263
-0.036377
-0.001558
0.036089
0.048231
0.007456
-0.034611
-0.032987
-0.010239
0.032850
0.061843
0.022938
-0.022437
-0.032057
-0.039556
-0.018652
0.050531
0.065542
0.022562
-0.011239
-0.036619
-0.056262
-0.024249
0.041994
0.047930
-0.011278
-0.029982
-0.043994
-0.039109
0.000284
0.052077
0.058254
0.018224
-0.010693
0.017859
0.064775
0.079091
0.095121
0.057925
-0.000169
-0.017480
-0.040797
-0.038424
-0.020531
-0.054989
-0.073279
-0.043979
-0.015783
-0.040462
-0.040183
-0.027460
-0.018096
0.033152
0.045624
0.015330
0.017930
0.002601
-0.031269
-0.037587
-0.022029
-0.007951
0.003135
-0.005698
0.001751
0.029639
0.041680
0.021296
0.007337
0.001274
-0.011770
-0.009334
0.013586
0.018312
0.002607
-0.010126
-0.015061
-0.020370
-0.021320
-0.021046
-0.001478
0.032944
-0.002204
-0.014094
0.015855
0.032375
0.016277
-0.015006
-0.029613
-0.029054
-0.007778
0.010279
-0.011537
-0.011756
0.003992
0.006981
0.014926
0.028372
0.031116
0.022857
0.014742
0.016294
0.023722
0.029921
0.023296
0.026274
0.036871
0.039343
0.039178
0.025242
0.002526
-0.007520
-0.012267
-0.024512
-0.052370
-0.089642
-0.091054
-0.031025
0.013815
0.013733
0.008658
0.014431
0.039670
0.053939
0.062446
0.076217
0.054420
0.003639
-0.034426
-0.064832
-0.076083
-0.076845
-0.073725
-0.071145
-0.050195
-0.020228
0.014206
0.034742
0.053168
0.070474
0.056176
0.030318
0.030753
0.022722
0.007116
-0.008382
-0.026029
-0.022912
-0.009877
-0.005204
-0.003739
-0.006498
-0.011798
-0.004569
0.010583
0.007671
-0.012437
-0.011386
-0.022749
-0.036886
-0.042192
-0.044255
-0.039065
-0.035426
-0.036471
0.000005
0.044222
0.039861
0.028186
0.053546
0.082828
0.092411
0.044631
0.002702
0.017145
0.006897
-0.014594
-0.016942
-0.014134
-0.002966
-0.001589
-0.022502
-0.037884
-0.050963
-0.063328
-0.072024
-0.046559
-0.030461
-0.015200
0.048105
0.090464
0.113047
0.105149
0.087443
0.069222
0.065506
0.038741
-0.016683
-0.041376
-0.071141
-0.103970
-0.115561
-0.087105
-0.057376
-0.031548
-0.036314
-0.045559
-0.030199
0.007839
0.030445
0.026093
0.037056
0.041856
0.008891
-0.016900
-0.017734
-0.021452
-0.006311
0.008282
0.018281
0.032212
0.031869
0.024661
0.033643
0.036463
0.034958
0.033732
0.020563
0.000057
-0.005702
-0.014748
-0.034007
-0.041303
-0.029127
-0.024256
-0.027002
-0.033422
-0.036157
-0.024232
-0.016479
-0.018926
-0.015208
-0.006981
0.009379
0.018474
0.021385
0.032078
0.040965
0.049133
0.059461
0.060095
0.049543
0.030282
0.013282
0.008371
-0.005408
-0.014073
-0.015877
-0.014133
-0.020763
-0.029518
-0.035408
-0.031643
-0.013159
-0.008870
-0.008112
-0.004169
0.000237
0.013078
0.020826
0.007511
-0.001042
-0.001290
-0.003197
-0.004324
-0.005045
-0.010062
-0.014773
-0.015212
-0.010795
-0.009729
-0.008379
-0.003560
0.002360
0.006095
0.009922
0.013632
0.012856
0.014056
0.015903
0.013619
0.007696
0.001285
-0.004556
-0.004121
-0.005103
-0.005491
-0.005514
-0.007602
-0.008624
-0.010023
-0.012203
-0.013765
-0.011588
-0.009270
-0.010188
-0.010349
-0.005546
0.004387
0.013361
0.018582
0.022972
0.028168
0.032413
0.034880
0.032681
0.020276
0.010939
0.013848
0.013384
0.010213
0.002843
-0.005639
-0.009543
-0.006531
-0.004270
-0.008470
-0.012842
-0.013231
-0.005158
0.003057
-0.001173
-0.002350
0.000621
0.001176
0.001320
0.002247
0.001115
-0.000088
-0.000618
-0.000902
0.000461
0.001727
0.001127
-0.000146
-0.000035
-0.000540
0.000651
0.004826
0.008368
0.009778
0.007306
0.006756
0.005726
0.000730
-0.004668
-0.007208
-0.005490
-0.007067
-0.010419
-0.010747
-0.011430
-0.015096
-0.017667
-0.011620
-0.006846
-0.002202
0.002602
0.006895
0.010130
0.007646
0.005471
0.009028
0.013840
0.016062
0.011912
0.006634
0.003827
-0.000686
-0.002128
-0.000881
-0.001992
-0.002967
-0.005911
-0.011080
-0.009125
-0.003887
-0.001737
-0.002098
-0.003771
-0.002482
0.001123
0.000818
-0.001617
-0.001206
-0.002156
-0.004714
-0.006556
-0.007940
-0.006188
-0.003834
-0.002899
-0.002485
-0.002217
-0.001205
-0.000825
-0.001931
-0.004653
-0.005710
-0.006213
-0.007646
-0.008692
-0.008138
-0.006102
-0.005146
-0.002696
0.004292
0.009637
0.012763
0.016202
0.016510
0.016261
0.017051
0.015457
0.012539
0.007250
0.002750
0.001351
-0.001537
-0.001485
0.001389
0.001930
0.001910
-0.000268
-0.003823
-0.003657
0.000037
0.000754
-0.000362
-0.004393
-0.008013
-0.008903
-0.009190
-0.010889
-0.012003
-0.015830
-0.019437
-0.021605
-0.017802
-0.012844
-0.010825
-0.010180
-0.008667
-0.007154
-0.004749
0.000691
0.003918
0.006936
0.009662
0.009798
0.011128
0.011632
0.006878
0.000298
-0.007690
-0.006981
-0.000713
-0.000187
-0.003393
-0.004795
-0.008383
-0.013626
-0.011374
-0.002660
-0.002867
-0.003266
-0.003699
-0.004490
-0.004570
-0.000175
0.003016
0.004747
0.002173
0.000377
0.001297
0.002235
0.002104
0.002883
0.003702
0.004133
0.004762
0.005424
0.006372
0.006119
0.000934
-0.002747
-0.005824
-0.009638
-0.010280
-0.009988
-0.008787
-0.006932
-0.002481
0.002647
0.006479
0.009460
0.012003
0.012279
0.007736
0.006137
0.004269
0.002961
0.003183
0.002305
0.000441
-0.003122
-0.009936
-0.012360
-0.006615
-0.005737
-0.007435
-0.005844
-0.005004
-0.003940
-0.001491
0.000112
0.000475
-0.002479
-0.004235
-0.003830
-0.002004
-0.001488
-0.001490
-0.001686
-0.000365
0.002112
0.003531
0.005262
0.004805
0.002545
0.001876
0.000420
-0.001416
-0.000971
0.001635
0.001824
0.001369
0.004753
0.008466
0.010162
0.008731
0.007650
0.008270
0.006813
0.003264
0.000677
-0.001575
-0.004272
-0.006888
-0.008083
-0.007735
-0.008458
-0.008837
-0.008533
-0.004972
0.000172
0.004073
0.007556
0.009712
0.010349
0.009214
0.007516
0.005371
0.001307
-0.002857
-0.005081
0.000961
0.001844
0.000229
-0.000258
-0.001975
-0.005271
-0.009343
-0.008145
-0.008417
-0.013297
-0.013998
-0.010154
0.000518
0.010004
0.005692
0.005543
0.006998
0.003880
0.000941
-0.003024
-0.007249
-0.010690
-0.008876
-0.000533
0.007978
0.007278
0.001199
0.004521
0.007370
0.004886
-0.000260
-0.003658
0.000727
0.010369
0.008069
0.004383
0.001165
-0.002718
-0.003287
0.000036
-0.001614
-0.004113
-0.004207
-0.003051
0.000048
0.001919
0.002499
0.001379
0.001928
0.004029
0.004593
0.003313
0.004191
0.007354
0.009195
0.010514
0.008942
0.007799
0.007324
0.004397
-0.001675
-0.004684
-0.005198
-0.007986
-0.010141
-0.011113
-0.008767
-0.005877
-0.004433
-0.002986
-0.001633
-0.000224
0.000984
0.000727
-0.001916
-0.003306
-0.004566
-0.004500
-0.004494
-0.005181
-0.006486
-0.007526
-0.006333
-0.003424
-0.002343
-0.000763
0.000735
0.001186
0.002177
0.003046
0.003196
0.000130
-0.002230
-0.003948
-0.005730
-0.003624
-0.002411
-0.001968
-0.001652
-0.001818
-0.001684
-0.001904
-0.002273
-0.002455
-0.002713
-0.002993
-0.001923
0.001686
0.006584
0.010579
0.008140
0.004095
0.005314
0.005654
0.004241
0.004409
0.004511
0.002448
-0.000915
-0.002093
-0.002952
-0.004600
-0.004317
-0.003956
-0.002483
0.000966
0.002687
0.004912
0.005824
0.001987
-0.000081
-0.001542
-0.001156
0.000036
-0.001039
-0.001690
-0.001624
-0.002162
-0.001754
-0.001133
-0.001775
-0.002372
-0.001381
0.003476
0.006500
0.004111
0.002490
0.002551
0.000309
-0.002487
-0.004371
-0.006418
-0.004599
-0.000450
-0.001439
-0.001945
-0.000200
0.003607
0.007278
0.010429
0.008730
0.004806
0.003044
-0.000246
-0.000331
0.003276
0.002731
0.000664
0.000517
-0.000027
0.002265
0.005956
0.004150
0.000575
-0.000948
-0.003509
-0.004325
-0.003885
-0.005681
-0.006288
-0.006217
-0.003845
-0.001885
-0.001303
-0.002966
-0.003522
-0.001329
0.001472
0.004477
0.003195
0.000564
0.002150
0.003656
0.004197
0.003169
0.000133
-0.002351
-0.003023
-0.002110
-0.002559
-0.003179
-0.003401
-0.003571
-0.002037
0.000060
0.000767
-0.000025
-0.001902
-0.002734
-0.003483
-0.002996
-0.003701
-0.004482
-0.004404
-0.003563
-0.003009
-0.002627
-0.002326
-0.001447
-0.000668
-0.000152
-0.000050
0.001912
0.004200
0.005140
0.003406
0.001364
0.000377
-0.000283
0.000571
0.000666
0.000696
-0.000339
-0.001204
-0.000439
0.000675
0.000842
-0.000686
-0.002788
-0.003186
-0.001405
-0.000646
-0.000258
0.000782
0.001624
0.002256
0.002938
0.003585
0.003519
0.002376
0.001840
0.001235
0.000270
-0.000383
0.000020
0.000290
-0.000372
-0.000484
-0.000037
0.000406
0.000190
-0.000233
-0.000167
0.000494
0.001010
0.001010
0.000797
0.001040
0.001598
0.001870
0.002128
0.001893
0.001085
0.000211
-0.000512
-0.000872
-0.000171
0.000386
0.000806
0.001191
0.002560
0.003496
0.003161
0.002031
0.001065
0.000096
0.000068
0.001528
0.002682
0.003048
0.002251
0.001429
0.000149
-0.001003
-0.001065
-0.001779
-0.002876
-0.003179
-0.002415
-0.001119
0.000426
0.002332
0.002390
0.002077
0.002514
0.002561
0.002393
0.002301
0.002150
0.001916
0.001334
0.000853
0.000563
0.000650
0.000875
0.000477
0.000115
0.000066
0.000267
0.000303
0.000087
0.000111
0.000351
0.000480
0.000506
0.000514
0.000429
0.000371
0.000397
0.000449
0.000388
0.000398
0.000477
0.000501
0.000493
0.000455
0.000435
0.000398
0.000346
0.000315
0.000360
0.000378
0.000347
0.000285
0.000258
0.000278
0.000288
0.000281
0.000262
0.000240
0.000227
0.000223
0.000213
0.000182
0.000122
0.000076
0.000102
0.000109
0.000100
0.000109
0.000113
0.000110
0.000105
0.000104
0.000105
0.000099
0.000084
0.000067
0.000053
0.000039
0.000033
0.000028
0.000020
0.000014
0.000007
-0.000008
-0.000023
-0.000036
-0.000048
-0.000054
-0.000060
-0.000069
-0.000078
-0.000086
-0.000092
-0.000098
-0.000105
-0.000113
-0.000122
-0.000129
-0.000136
-0.000142
-0.000149
-0.000157
-0.000163
-0.000170
-0.000177
-0.000184
-0.000190
-0.000197
-0.000203
-0.000209
-0.000215
-0.000221
-0.000227
-0.000233
-0.000239
-0.000244
-0.000250
-0.000255
-0.000260
-0.000265
-0.000270
-0.000275
-0.000280
-0.000284
-0.000289
-0.000293
-0.000297
-0.000301
-0.000305
-0.000309
-0.000312
-0.000316
-0.000319
-0.000322
-0.000325
-0.000328
-0.000331
-0.000334
-0.000336
-0.000338
-0.000341
-0.000343
