0	0.000998
0.01	0.000999
0.02	0.001
0.03	0.001
0.04	0.001001
0.05	0.001001
0.06	0.001002
0.07	0.001002
0.08	0.001002
0.09	0.001003
0.1	0.001003
0.11	0.001003
0.12	0.001003
0.13	0.001003
0.14	0.001003
0.15	0.001003
0.16	0.001003
0.17	0.001003
0.18	0.001003
0.19	0.001003
0.2	0.001003
0.21	0.001003
0.22	0.001003
0.23	0.001002
0.24	0.001002
0.25	0.001001
0.26	0.001001
0.27	0.001001
0.28	0.001002
0.29	0.001003
0.3	0.001005
0.31	0.001007
0.32	0.001008
0.33	0.001009
0.34	0.001008
0.35	0.001007
0.36	0.001005
0.37	0.001002
0.38	0.000999
0.39	0.000995
0.4	0.000991
0.41	0.000986
0.42	0.000982
0.43	0.000981
0.44	0.000983
0.45	0.00099
0.46	0.001002
0.47	0.001019
0.48	0.001036
0.49	0.001049
0.5	0.00105
0.51	0.001035
0.52	0.001002
0.53	0.000953
0.54	0.000894
0.55	0.000839
0.56	0.000807
0.57	0.000811
0.58	0.000854
0.59	0.000924
0.6	0.001005
0.61	0.001077
0.62	0.001132
0.63	0.001171
0.64	0.001201
0.65	0.001236
0.66	0.001285
0.67	0.001352
0.68	0.001425
0.69	0.001479
0.7	0.001492
0.71	0.001459
0.72	0.001392
0.73	0.001314
0.74	0.001248
0.75	0.00121
0.76	0.001201
0.77	0.001207
0.78	0.001199
0.79	0.001145
0.8	0.001028
0.81	0.000839
0.82	0.000586
0.83	0.000282
0.84	-0.000045
0.85	-0.00036
0.86	-0.000631
0.87	-0.000852
0.88	-0.001046
0.89	-0.001257
0.9	-0.001529
0.91	-0.001887
0.92	-0.002305
0.93	-0.002711
0.94	-0.003023
0.95	-0.003181
0.96	-0.003168
0.97	-0.003006
0.98	-0.002742
0.99	-0.002434
1	-0.002158
1.01	-0.002007
1.02	-0.002059
1.03	-0.002352
1.04	-0.002871
1.05	-0.003567
1.06	-0.004376
1.07	-0.005244
1.08	-0.006138
1.09	-0.007046
1.1	-0.007942
1.11	-0.008752
1.12	-0.00938
1.13	-0.009757
1.14	-0.009839
1.15	-0.0096
1.16	-0.009051
1.17	-0.00829
1.18	-0.007463
1.19	-0.006631
1.2	-0.005599
1.21	-0.003999
1.22	-0.001481
1.23	0.002105
1.24	0.006442
1.25	0.010731
1.26	0.014052
1.27	0.015743
1.28	0.015608
1.29	0.013899
1.3	0.011151
1.31	0.007973
1.32	0.004874
1.33	0.002152
1.34	-0.000138
1.35	-0.002129
1.36	-0.004047
1.37	-0.006111
1.38	-0.008466
1.39	-0.011183
1.4	-0.014298
1.41	-0.017822
1.42	-0.021734
1.43	-0.025988
1.44	-0.030527
1.45	-0.035296
1.46	-0.040242
1.47	-0.04511
1.48	-0.049238
1.49	-0.051815
1.5	-0.052261
1.51	-0.05045
1.52	-0.046764
1.53	-0.042141
1.54	-0.037823
1.55	-0.034872
1.56	-0.03377
1.57	-0.03433
1.58	-0.035908
1.59	-0.037735
1.6	-0.039293
1.61	-0.040537
1.62	-0.041796
1.63	-0.043515
1.64	-0.045971
1.65	-0.048226
1.66	-0.047222
1.67	-0.03906
1.68	-0.02088
1.69	0.007422
1.7	0.041816
1.71	0.075572
1.72	0.102277
1.73	0.118155
1.74	0.122866
1.75	0.11891
1.76	0.110235
1.77	0.100769
1.78	0.093505
1.79	0.09002
1.8	0.090407
1.81	0.093644
1.82	0.098208
1.83	0.102694
1.84	0.106187
1.85	0.10815
1.86	0.108136
1.87	0.105858
1.88	0.101329
1.89	0.094871
1.9	0.087004
1.91	0.078288
1.92	0.069172
1.93	0.059828
1.94	0.050091
1.95	0.039617
1.96	0.028104
1.97	0.015427
1.98	0.001676
1.99	-0.012909
2	-0.028033
2.01	-0.043436
2.02	-0.05896
2.03	-0.07456
2.04	-0.090278
2.05	-0.106194
2.06	-0.122392
2.07	-0.138926
2.08	-0.155808
2.09	-0.173008
2.1	-0.190314
2.11	-0.207209
2.12	-0.223084
2.13	-0.237537
2.14	-0.250518
2.15	-0.262221
2.16	-0.272229
2.17	-0.279036
2.18	-0.280795
2.19	-0.275483
2.2	-0.260486
2.21	-0.230097
2.22	-0.174622
2.23	-0.090513
2.24	0.010981
2.25	0.109161
2.26	0.184083
2.27	0.224107
2.28	0.228424
2.29	0.205118
2.3	0.166733
2.31	0.125518
2.32	0.089999
2.33	0.063667
2.34	0.04576
2.35	0.033067
2.36	0.021754
2.37	0.008794
2.38	-0.0073
2.39	-0.026446
2.4	-0.047494
2.41	-0.068927
2.42	-0.089491
2.43	-0.108554
2.44	-0.126153
2.45	-0.1414
2.46	-0.145587
2.47	-0.122508
2.48	-0.062914
2.49	0.02415
2.5	0.116607
2.51	0.190947
2.52	0.231514
2.53	0.234408
2.54	0.20622
2.55	0.159583
2.56	0.107909
2.57	0.061279
2.58	0.024751
2.59	0.001292
2.6	-0.004778
2.61	0.010626
2.62	0.047054
2.63	0.096273
2.64	0.145477
2.65	0.182932
2.66	0.201993
2.67	0.202249
2.68	0.188221
2.69	0.166779
2.7	0.144485
2.71	0.125749
2.72	0.112193
2.73	0.10304
2.74	0.09615
2.75	0.089166
2.76	0.080386
2.77	0.069159
2.78	0.055814
2.79	0.041287
2.8	0.026642
2.81	0.012694
2.82	0.000094
2.83	-0.009693
2.84	-0.014438
2.85	-0.012304
2.86	-0.002745
2.87	0.013321
2.88	0.033923
2.89	0.05623
2.9	0.076371
2.91	0.090533
2.92	0.096402
2.93	0.093812
2.94	0.084469
2.95	0.071092
2.96	0.056401
2.97	0.042312
2.98	0.029608
2.99	0.018115
3	0.007116
3.01	-0.004191
3.02	-0.016366
3.03	-0.029565
3.04	-0.04294
3.05	-0.053032
3.06	-0.054666
3.07	-0.044385
3.08	-0.023994
3.09	0.000097
3.1	0.020299
3.11	0.030991
3.12	0.030104
3.13	0.019033
3.14	0.00139
3.15	-0.018658
3.16	-0.037762
3.17	-0.05412
3.18	-0.067532
3.19	-0.078937
3.2	-0.089734
3.21	-0.101166
3.22	-0.113254
3.23	-0.121556
3.24	-0.118561
3.25	-0.101552
3.26	-0.075294
3.27	-0.048692
3.28	-0.030285
3.29	-0.02512
3.3	-0.033757
3.31	-0.053082
3.32	-0.078135
3.33	-0.104045
3.34	-0.127422
3.35	-0.146912
3.36	-0.1621
3.37	-0.166352
3.38	-0.145075
3.39	-0.091588
3.4	-0.016016
3.41	0.061234
3.42	0.119944
3.43	0.147723
3.44	0.142684
3.45	0.111751
3.46	0.066463
3.47	0.018399
3.48	-0.023375
3.49	-0.049073
3.5	-0.047678
3.51	-0.015911
3.52	0.036964
3.53	0.094346
3.54	0.140161
3.55	0.164523
3.56	0.16565
3.57	0.148488
3.58	0.121488
3.59	0.093117
3.6	0.069314
3.61	0.052461
3.62	0.041744
3.63	0.034492
3.64	0.028932
3.65	0.02645
3.66	0.028558
3.67	0.034416
3.68	0.041363
3.69	0.046402
3.7	0.04742
3.71	0.04375
3.72	0.036058
3.73	0.025813
3.74	0.014554
3.75	0.003349
3.76	-0.007357
3.77	-0.017626
3.78	-0.027803
3.79	-0.038124
3.8	-0.047699
3.81	-0.0543
3.82	-0.055542
3.83	-0.050053
3.84	-0.037979
3.85	-0.020974
3.86	-0.002553
3.87	0.012651
3.88	0.020742
3.89	0.019933
3.9	0.010819
3.91	-0.004254
3.92	-0.022314
3.93	-0.040811
3.94	-0.058193
3.95	-0.074008
3.96	-0.088642
3.97	-0.102884
3.98	-0.117512
3.99	-0.132926
4	-0.147536
4.01	-0.155917
4.02	-0.151127
4.03	-0.129104
4.04	-0.09298
4.05	-0.052122
4.06	-0.017337
4.07	0.003535
4.08	0.008173
4.09	0.000647
4.1	-0.010846
4.11	-0.018423
4.12	-0.018489
4.13	-0.012259
4.14	-0.003836
4.15	0.002214
4.16	0.002704
4.17	-0.003358
4.18	-0.014943
4.19	-0.029798
4.2	-0.045462
4.21	-0.060114
4.22	-0.072955
4.23	-0.084137
4.24	-0.094401
4.25	-0.104643
4.26	-0.115558
4.27	-0.127484
4.28	-0.140416
4.29	-0.154079
4.3	-0.167761
4.31	-0.18018
4.32	-0.189993
4.33	-0.196398
4.34	-0.1994
4.35	-0.199466
4.36	-0.196684
4.37	-0.190656
4.38	-0.179203
4.39	-0.154272
4.4	-0.108438
4.41	-0.045752
4.42	0.019826
4.43	0.072262
4.44	0.100329
4.45	0.10124
4.46	0.082145
4.47	0.057144
4.48	0.040856
4.49	0.043073
4.5	0.066495
4.51	0.107459
4.52	0.157586
4.53	0.205295
4.54	0.239629
4.55	0.25409
4.56	0.248139
4.57	0.226233
4.58	0.195405
4.59	0.162594
4.6	0.132675
4.61	0.107501
4.62	0.08613
4.63	0.066055
4.64	0.044624
4.65	0.02008
4.66	-0.00803
4.67	-0.039005
4.68	-0.071497
4.69	-0.104014
4.7	-0.133296
4.71	-0.151158
4.72	-0.147552
4.73	-0.118806
4.74	-0.072567
4.75	-0.023588
4.76	0.013497
4.77	0.029554
4.78	0.022905
4.79	-0.001823
4.8	-0.036635
4.81	-0.073414
4.82	-0.106339
4.83	-0.132918
4.84	-0.153703
4.85	-0.17114
4.86	-0.188161
4.87	-0.205799
4.88	-0.216801
4.89	-0.205807
4.9	-0.160194
4.91	-0.082788
4.92	0.008732
4.93	0.091776
4.94	0.148592
4.95	0.171604
4.96	0.163702
4.97	0.134933
4.98	0.097927
4.99	0.06577
5	0.050818
5.01	0.060726
5.02	0.093587
5.03	0.138335
5.04	0.18062
5.05	0.208859
5.06	0.217695
5.07	0.208337
5.08	0.186585
5.09	0.159883
5.1	0.134629
5.11	0.114554
5.12	0.100385
5.13	0.090559
5.14	0.08245
5.15	0.074067
5.16	0.066218
5.17	0.062235
5.18	0.065696
5.19	0.077581
5.2	0.095119
5.21	0.113404
5.22	0.127727
5.23	0.135229
5.24	0.135203
5.25	0.128369
5.26	0.116265
5.27	0.100745
5.28	0.083532
5.29	0.065893
5.3	0.048504
5.31	0.032517
5.32	0.024711
5.33	0.033329
5.34	0.05835
5.35	0.091612
5.36	0.121923
5.37	0.140122
5.38	0.141952
5.39	0.128406
5.4	0.104192
5.41	0.075392
5.42	0.047305
5.43	0.023115
5.44	0.003588
5.45	-0.012395
5.46	-0.026881
5.47	-0.041678
5.48	-0.056613
5.49	-0.069105
5.5	-0.075783
5.51	-0.074255
5.52	-0.064045
5.53	-0.046788
5.54	-0.026567
5.55	-0.008934
5.56	0.00131
5.57	0.001775
5.58	-0.007133
5.59	-0.022888
5.6	-0.042065
5.61	-0.061546
5.62	-0.079296
5.63	-0.094592
5.64	-0.107808
5.65	-0.119939
5.66	-0.13207
5.67	-0.144972
5.68	-0.15836
5.69	-0.169393
5.7	-0.173449
5.71	-0.166586
5.72	-0.147411
5.73	-0.117602
5.74	-0.082129
5.75	-0.048264
5.76	-0.022753
5.77	-0.009429
5.78	-0.008429
5.79	-0.016877
5.8	-0.03008
5.81	-0.042412
5.82	-0.048901
5.83	-0.046758
5.84	-0.035906
5.85	-0.018854
5.86	-0.000093
5.87	0.015668
5.88	0.02538
5.89	0.028614
5.9	0.027131
5.91	0.023717
5.92	0.020846
5.93	0.019652
5.94	0.01986
5.95	0.020365
5.96	0.019873
5.97	0.017222
5.98	0.011648
5.99	0.003019
6	-0.008171
6.01	-0.021011
6.02	-0.03399
6.03	-0.044452
6.04	-0.049429
6.05	-0.046967
6.06	-0.036805
6.07	-0.020098
6.08	0.000481
6.09	0.020289
6.1	0.034262
6.11	0.038937
6.12	0.033498
6.13	0.01982
6.14	0.002465
6.15	-0.012575
6.16	-0.020282
6.17	-0.018816
6.18	-0.010349
6.19	0.000461
6.2	0.008791
6.21	0.011424
6.22	0.007469
6.23	-0.001917
6.24	-0.0144
6.25	-0.027491
6.26	-0.038938
6.27	-0.046076
6.28	-0.046636
6.29	-0.040131
6.3	-0.027941
6.31	-0.012766
6.32	0.001855
6.33	0.012612
6.34	0.017527
6.35	0.016397
6.36	0.010573
6.37	0.002623
6.38	-0.004396
6.39	-0.008023
6.4	-0.007234
6.41	-0.002816
6.42	0.003155
6.43	0.008362
6.44	0.011139
6.45	0.010882
6.46	0.007993
6.47	0.003496
6.48	-0.001365
6.49	-0.005101
6.5	-0.006111
6.51	-0.003269
6.52	0.003675
6.53	0.014031
6.54	0.025922
6.55	0.036366
6.56	0.0426
6.57	0.043468
6.58	0.03967
6.59	0.03311
6.6	0.025966
6.61	0.019939
6.62	0.015855
6.63	0.013616
6.64	0.012107
6.65	0.009512
6.66	0.004881
6.67	-0.000676
6.68	-0.004753
6.69	-0.005372
6.7	-0.002409
6.71	0.002589
6.72	0.00761
6.73	0.011219
6.74	0.012918
6.75	0.013031
6.76	0.012339
6.77	0.011609
6.78	0.011122
6.79	0.010639
6.8	0.009678
6.81	0.00779
6.82	0.004665
6.83	0.000168
6.84	-0.005609
6.85	-0.012387
6.86	-0.019915
6.87	-0.028346
6.88	-0.03817
6.89	-0.049678
6.9	-0.061402
6.91	-0.069545
6.92	-0.069838
6.93	-0.059617
6.94	-0.039442
6.95	-0.013954
6.96	0.010052
6.97	0.026605
6.98	0.032584
6.99	0.028201
7	0.01627
7.01	0.001382
7.02	-0.011136
7.03	-0.016997
7.04	-0.014253
7.05	-0.003485
7.06	0.012818
7.07	0.03071
7.08	0.045578
7.09	0.053758
7.1	0.0537
7.11	0.046115
7.12	0.033315
7.13	0.018247
7.14	0.003604
7.15	-0.008856
7.16	-0.018576
7.17	-0.025982
7.18	-0.031501
7.19	-0.034587
7.2	-0.034077
7.21	-0.029023
7.22	-0.019285
7.23	-0.00614
7.24	0.007509
7.25	0.018319
7.26	0.024132
7.27	0.02488
7.28	0.022192
7.29	0.018339
7.3	0.015021
7.31	0.012816
7.32	0.011362
7.33	0.009847
7.34	0.007495
7.35	0.003875
7.36	-0.001012
7.37	-0.006825
7.38	-0.013058
7.39	-0.019016
7.4	-0.023611
7.41	-0.025686
7.42	-0.024538
7.43	-0.02019
7.44	-0.013658
7.45	-0.007215
7.46	-0.003584
7.47	-0.004782
7.48	-0.011447
7.49	-0.022601
7.5	-0.035298
7.51	-0.045462
7.52	-0.049628
7.53	-0.046321
7.54	-0.036632
7.55	-0.023485
7.56	-0.010229
7.57	0.000517
7.58	0.007013
7.59	0.008647
7.6	0.006243
7.61	0.001492
7.62	-0.004025
7.63	-0.009376
7.64	-0.014322
7.65	-0.019106
7.66	-0.024157
7.67	-0.029839
7.68	-0.036299
7.69	-0.043204
7.7	-0.049527
7.71	-0.053972
7.72	-0.055597
7.73	-0.054168
7.74	-0.050386
7.75	-0.046122
7.76	-0.043779
7.77	-0.045262
7.78	-0.051002
7.79	-0.058492
7.8	-0.063676
7.81	-0.063993
7.82	-0.059254
7.83	-0.050612
7.84	-0.039164
7.85	-0.025695
7.86	-0.011282
7.87	0.002603
7.88	0.014622
7.89	0.024039
7.9	0.030835
7.91	0.03545
7.92	0.038503
7.93	0.040614
7.94	0.042267
7.95	0.043697
7.96	0.04488
7.97	0.04566
7.98	0.045805
7.99	0.044429
8	0.039743
8.01	0.030178
8.02	0.016586
8.03	0.00281
8.04	-0.006313
8.05	-0.007181
8.06	0.001322
8.07	0.017167
8.08	0.035448
8.09	0.050553
8.1	0.058683
8.11	0.059
8.12	0.053214
8.13	0.044402
8.14	0.035712
8.15	0.029359
8.16	0.02619
8.17	0.025806
8.18	0.027044
8.19	0.028573
8.2	0.029381
8.21	0.029121
8.22	0.028137
8.23	0.027153
8.24	0.026879
8.25	0.027663
8.26	0.029137
8.27	0.03034
8.28	0.030228
8.29	0.028102
8.3	0.023701
8.31	0.017165
8.32	0.008946
8.33	-0.00034
8.34	-0.010032
8.35	-0.019297
8.36	-0.027193
8.37	-0.033025
8.38	-0.036591
8.39	-0.038193
8.4	-0.038439
8.41	-0.037957
8.42	-0.037213
8.43	-0.03646
8.44	-0.035759
8.45	-0.035029
8.46	-0.034
8.47	-0.032278
8.48	-0.029556
8.49	-0.025943
8.5	-0.022145
8.51	-0.019139
8.52	-0.01772
8.53	-0.018209
8.54	-0.020236
8.55	-0.019865
8.56	-0.009819
8.57	0.013383
8.58	0.047487
8.59	0.086122
8.6	0.121247
8.61	0.146195
8.62	0.157793
8.63	0.156775
8.64	0.146734
8.65	0.132385
8.66	0.117847
8.67	0.105617
8.68	0.096367
8.69	0.089361
8.7	0.083181
8.71	0.076441
8.72	0.068269
8.73	0.058475
8.74	0.047435
8.75	0.03582
8.76	0.024397
8.77	0.014267
8.78	0.006771
8.79	0.002907
8.8	0.002904
8.81	0.006019
8.82	0.010316
8.83	0.013261
8.84	0.01276
8.85	0.007926
8.86	-0.000314
8.87	-0.009373
8.88	-0.016373
8.89	-0.020077
8.9	-0.021634
8.91	-0.023582
8.92	-0.028436
8.93	-0.037684
8.94	-0.051444
8.95	-0.068761
8.96	-0.088202
8.97	-0.108382
8.98	-0.128311
8.99	-0.146708
9	-0.157294
9.01	-0.148205
9.02	-0.112225
9.03	-0.055195
9.04	0.007486
9.05	0.059039
9.06	0.08798
9.07	0.091175
9.08	0.074562
9.09	0.050992
9.1	0.033712
9.11	0.029743
9.12	0.038392
9.13	0.053769
9.14	0.068519
9.15	0.077362
9.16	0.078985
9.17	0.074965
9.18	0.067134
9.19	0.056454
9.2	0.04317
9.21	0.027184
9.22	0.008104
9.23	-0.014589
9.24	-0.04113
9.25	-0.071223
9.26	-0.103474
9.27	-0.132863
9.28	-0.151108
9.29	-0.151522
9.3	-0.134144
9.31	-0.105653
9.32	-0.075396
9.33	-0.05067
9.34	-0.034236
9.35	-0.024694
9.36	-0.018288
9.37	-0.010943
9.38	0.000223
9.39	0.016234
9.4	0.036374
9.41	0.058607
9.42	0.080248
9.43	0.098903
9.44	0.112457
9.45	0.118782
9.46	0.116483
9.47	0.105584
9.48	0.087557
9.49	0.064773
9.5	0.039747
9.51	0.014485
9.52	-0.010011
9.53	-0.03406
9.54	-0.058878
9.55	-0.085666
9.56	-0.11256
9.57	-0.130537
9.58	-0.128824
9.59	-0.104854
9.6	-0.065826
9.61	-0.023881
9.62	0.009612
9.63	0.027891
9.64	0.02995
9.65	0.019452
9.66	0.002363
9.67	-0.015897
9.68	-0.032451
9.69	-0.046956
9.7	-0.059005
9.71	-0.065447
9.72	-0.061691
9.73	-0.044756
9.74	-0.016972
9.75	0.013951
9.76	0.038845
9.77	0.051302
9.78	0.049971
9.79	0.037998
9.8	0.020858
9.81	0.00398
9.82	-0.009057
9.83	-0.017494
9.84	-0.022976
9.85	-0.028099
9.86	-0.034873
9.87	-0.044043
9.88	-0.055189
9.89	-0.067122
9.9	-0.077876
9.91	-0.085044
9.92	-0.086765
9.93	-0.082344
9.94	-0.072106
9.95	-0.05717
9.96	-0.039817
9.97	-0.023451
9.98	-0.010613
9.99	-0.00139
10	0.006121
10.01	0.014168
10.02	0.023022
10.03	0.030559
10.04	0.033789
10.05	0.030476
10.06	0.020013
10.07	0.003443
10.08	-0.016869
10.09	-0.036166
10.1	-0.048233
10.11	-0.04941
10.12	-0.040253
10.13	-0.024891
10.14	-0.008866
10.15	0.003369
10.16	0.010146
10.17	0.012491
10.18	0.01296
10.19	0.014274
10.2	0.018139
10.21	0.024339
10.22	0.031037
10.23	0.035933
10.24	0.037317
10.25	0.034603
10.26	0.028135
10.27	0.018558
10.28	0.006535
10.29	-0.007313
10.3	-0.022448
10.31	-0.038443
10.32	-0.054982
10.33	-0.071841
10.34	-0.088276
10.35	-0.101761
10.36	-0.108687
10.37	-0.106094
10.38	-0.092733
10.39	-0.069402
10.4	-0.038946
10.41	-0.006768
10.42	0.020409
10.43	0.037297
10.44	0.042894
10.45	0.041395
10.46	0.039726
10.47	0.04384
10.48	0.055012
10.49	0.069515
10.5	0.081382
10.51	0.085453
10.52	0.079239
10.53	0.063306
10.54	0.040647
10.55	0.015603
10.56	-0.007665
10.57	-0.02645
10.58	-0.039914
10.59	-0.048151
10.6	-0.051172
10.61	-0.048999
10.62	-0.042038
10.63	-0.031452
10.64	-0.019066
10.65	-0.006767
10.66	0.004088
10.67	0.012912
10.68	0.01957
10.69	0.023943
10.7	0.026018
10.71	0.026435
10.72	0.026606
10.73	0.028105
10.74	0.032039
10.75	0.038726
10.76	0.047747
10.77	0.058121
10.78	0.068005
10.79	0.074872
10.8	0.076573
10.81	0.072184
10.82	0.062219
10.83	0.048236
10.84	0.03216
10.85	0.015966
10.86	0.001977
10.87	-0.007682
10.88	-0.01205
10.89	-0.011607
10.9	-0.007867
10.91	-0.002708
10.92	0.002561
10.93	0.008433
10.94	0.015191
10.95	0.02146
10.96	0.025018
10.97	0.024014
10.98	0.017728
10.99	0.006691
11	-0.007675
11.01	-0.023611
11.02	-0.039417
11.03	-0.053672
11.04	-0.064618
11.05	-0.070025
11.06	-0.068165
11.07	-0.058621
11.08	-0.042425
11.09	-0.021611
11.1	0.001156
11.11	0.022309
11.12	0.038131
11.13	0.046143
11.14	0.045876
11.15	0.038731
11.16	0.027228
11.17	0.014048
11.18	0.001269
11.19	-0.010021
11.2	-0.019679
11.21	-0.027662
11.22	-0.032724
11.23	-0.032795
11.24	-0.026268
11.25	-0.013191
11.26	0.004531
11.27	0.024056
11.28	0.042591
11.29	0.057696
11.3	0.067633
11.31	0.071831
11.32	0.070945
11.33	0.066483
11.34	0.060229
11.35	0.053708
11.36	0.047858
11.37	0.042971
11.38	0.038838
11.39	0.035045
11.4	0.031685
11.41	0.029809
11.42	0.030791
11.43	0.035331
11.44	0.043053
11.45	0.052896
11.46	0.064088
11.47	0.076358
11.48	0.088646
11.49	0.098827
11.5	0.10473
11.51	0.105124
11.52	0.100102
11.53	0.090911
11.54	0.079519
11.55	0.067977
11.56	0.057803
11.57	0.049668
11.58	0.04343
11.59	0.038389
11.6	0.033533
11.61	0.02782
11.62	0.020541
11.63	0.011497
11.64	0.000972
11.65	-0.010461
11.66	-0.022179
11.67	-0.033654
11.68	-0.044472
11.69	-0.054389
11.7	-0.063388
11.71	-0.071642
11.72	-0.079434
11.73	-0.087041
11.74	-0.094551
11.75	-0.101721
11.76	-0.10814
11.77	-0.11348
11.78	-0.117645
11.79	-0.120792
11.8	-0.123252
11.81	-0.125451
11.82	-0.128077
11.83	-0.132062
11.84	-0.138198
11.85	-0.146829
11.86	-0.15777
11.87	-0.17041
11.88	-0.183395
11.89	-0.192912
11.9	-0.193256
11.91	-0.179751
11.92	-0.151484
11.93	-0.111743
11.94	-0.066203
11.95	-0.020762
11.96	0.01918
11.97	0.049263
11.98	0.067348
11.99	0.074114
12	0.073112
12.01	0.0697
12.02	0.068999
12.03	0.07424
12.04	0.085967
12.05	0.101688
12.06	0.116997
12.07	0.127658
12.08	0.131194
12.09	0.127428
12.1	0.118064
12.11	0.105742
12.12	0.093147
12.13	0.082714
12.14	0.076249
12.15	0.074408
12.16	0.076516
12.17	0.080996
12.18	0.085992
12.19	0.089974
12.2	0.092126
12.21	0.092414
12.22	0.091399
12.23	0.089907
12.24	0.088686
12.25	0.088173
12.26	0.088265
12.27	0.087884
12.28	0.084728
12.29	0.076211
12.3	0.060792
12.31	0.039263
12.32	0.01516
12.33	-0.006904
12.34	-0.023612
12.35	-0.034224
12.36	-0.040175
12.37	-0.043207
12.38	-0.043731
12.39	-0.041436
12.4	-0.037051
12.41	-0.032577
12.42	-0.030292
12.43	-0.031774
12.44	-0.037321
12.45	-0.045442
12.46	-0.053293
12.47	-0.058016
12.48	-0.057849
12.49	-0.052554
12.5	-0.04322
12.51	-0.032048
12.52	-0.022183
12.53	-0.016633
12.54	-0.017115
12.55	-0.023066
12.56	-0.031446
12.57	-0.038506
12.58	-0.041988
12.59	-0.041761
12.6	-0.03922
12.61	-0.035934
12.62	-0.032438
12.63	-0.028444
12.64	-0.023709
12.65	-0.01835
12.66	-0.012741
12.67	-0.007094
12.68	-0.001218
12.69	0.004631
12.7	0.009572
12.71	0.012605
12.72	0.013111
12.73	0.01107
12.74	0.007001
12.75	0.001881
12.76	-0.002705
12.77	-0.004948
12.78	-0.003555
12.79	0.001823
12.8	0.010524
12.81	0.020646
12.82	0.02928
12.83	0.033696
12.84	0.032381
12.85	0.025356
12.86	0.013764
12.87	-0.00064
12.88	-0.015651
12.89	-0.029065
12.9	-0.039299
12.91	-0.04572
12.92	-0.048647
12.93	-0.049027
12.94	-0.047996
12.95	-0.04654
12.96	-0.045212
12.97	-0.043559
12.98	-0.040322
12.99	-0.035052
13	-0.028627
13.01	-0.022653
13.02	-0.018757
13.03	-0.018037
13.04	-0.020752
13.05	-0.026366
13.06	-0.033819
13.07	-0.041755
13.08	-0.048824
13.09	-0.054092
13.1	-0.05742
13.11	-0.059727
13.12	-0.062367
13.13	-0.066101
13.14	-0.07086
13.15	-0.076279
13.16	-0.081637
13.17	-0.084585
13.18	-0.081749
13.19	-0.070984
13.2	-0.053056
13.21	-0.031079
13.22	-0.008902
13.23	0.010328
13.24	0.024872
13.25	0.034552
13.26	0.040354
13.27	0.043523
13.28	0.044896
13.29	0.044808
13.3	0.043316
13.31	0.040519
13.32	0.036724
13.33	0.032067
13.34	0.025514
13.35	0.01529
13.36	0.001687
13.37	-0.011401
13.38	-0.018522
13.39	-0.015621
13.4	-0.002972
13.41	0.014447
13.42	0.029716
13.43	0.03709
13.44	0.033852
13.45	0.020607
13.46	0.000688
13.47	-0.019711
13.48	-0.032949
13.49	-0.032988
13.5	-0.017502
13.51	0.011151
13.52	0.045166
13.53	0.073923
13.54	0.088625
13.55	0.085952
13.56	0.068631
13.57	0.043179
13.58	0.017176
13.59	-0.002645
13.6	-0.012097
13.61	-0.010488
13.62	-0.000228
13.63	0.014525
13.64	0.029161
13.65	0.03991
13.66	0.044898
13.67	0.044396
13.68	0.040226
13.69	0.034687
13.7	0.029432
13.71	0.025024
13.72	0.021252
13.73	0.017789
13.74	0.014464
13.75	0.011009
13.76	0.006822
13.77	0.001363
13.78	-0.005398
13.79	-0.013012
13.8	-0.021032
13.81	-0.03004
13.82	-0.041648
13.83	-0.056628
13.84	-0.072148
13.85	-0.082569
13.86	-0.082466
13.87	-0.068997
13.88	-0.04267
13.89	-0.006752
13.9	0.03317
13.91	0.06979
13.92	0.096536
13.93	0.109852
13.94	0.109941
13.95	0.100003
13.96	0.084641
13.97	0.068207
13.98	0.053662
13.99	0.042167
14	0.033381
14.01	0.026237
14.02	0.019625
14.03	0.012764
14.04	0.005194
14.05	-0.003585
14.06	-0.013892
14.07	-0.023998
14.08	-0.029363
14.09	-0.025465
14.1	-0.011515
14.11	0.009117
14.12	0.03109
14.13	0.049755
14.14	0.062726
14.15	0.06957
14.16	0.070752
14.17	0.067201
14.18	0.060106
14.19	0.050351
14.2	0.037582
14.21	0.020782
14.22	-0.00005
14.23	-0.023479
14.24	-0.047369
14.25	-0.069802
14.26	-0.089739
14.27	-0.107036
14.28	-0.121282
14.29	-0.131175
14.3	-0.135297
14.31	-0.132703
14.32	-0.122664
14.33	-0.105029
14.34	-0.081278
14.35	-0.054373
14.36	-0.027519
14.37	-0.003572
14.38	0.014659
14.39	0.024995
14.4	0.026708
14.41	0.02074
14.42	0.009246
14.43	-0.005188
14.44	-0.020285
14.45	-0.034063
14.46	-0.043894
14.47	-0.046994
14.48	-0.042147
14.49	-0.030668
14.5	-0.015177
14.51	0.001129
14.52	0.014826
14.53	0.023287
14.54	0.025467
14.55	0.022
14.56	0.015008
14.57	0.007623
14.58	0.002838
14.59	0.002413
14.6	0.006426
14.61	0.013616
14.62	0.022245
14.63	0.030996
14.64	0.039331
14.65	0.047363
14.66	0.055472
14.67	0.063279
14.68	0.068979
14.69	0.070293
14.7	0.065954
14.71	0.056468
14.72	0.043701
14.73	0.029964
14.74	0.017205
14.75	0.006697
14.76	-0.000953
14.77	-0.005812
14.78	-0.008481
14.79	-0.009866
14.8	-0.011174
14.81	-0.013811
14.82	-0.018685
14.83	-0.024621
14.84	-0.028091
14.85	-0.025082
14.86	-0.013046
14.87	0.007321
14.88	0.031151
14.89	0.051588
14.9	0.062897
14.91	0.062532
14.92	0.051485
14.93	0.033222
14.94	0.012042
14.95	-0.008338
14.96	-0.024992
14.97	-0.035538
14.98	-0.038653
14.99	-0.034486
15	-0.024492
15.01	-0.010847
15.02	0.003865
15.03	0.016362
15.04	0.023405
15.05	0.023018
15.06	0.015131
15.07	0.001391
15.08	-0.015647
15.09	-0.033463
15.1	-0.050118
15.11	-0.063675
15.12	-0.071939
15.13	-0.073296
15.14	-0.067393
15.15	-0.055069
15.16	-0.037961
15.17	-0.018617
15.18	-0.000099
15.19	0.015051
15.2	0.025436
15.21	0.030738
15.22	0.031523
15.23	0.028938
15.24	0.024283
15.25	0.018619
15.26	0.012385
15.27	0.005368
15.28	-0.002222
15.29	-0.00887
15.3	-0.012443
15.31	-0.011281
15.32	-0.004857
15.33	0.00616
15.34	0.020088
15.35	0.034092
15.36	0.044841
15.37	0.049804
15.38	0.048086
15.39	0.040473
15.4	0.028877
15.41	0.015558
15.42	0.00281
15.43	-0.006806
15.44	-0.011112
15.45	-0.009746
15.46	-0.004831
15.47	0.000157
15.48	0.002016
15.49	-0.001067
15.5	-0.009202
15.51	-0.021143
15.52	-0.034814
15.53	-0.04753
15.54	-0.056697
15.55	-0.06073
15.56	-0.059465
15.57	-0.05399
15.58	-0.046368
15.59	-0.039351
15.6	-0.03548
15.61	-0.036215
15.62	-0.041626
15.63	-0.050524
15.64	-0.060105
15.65	-0.0662
15.66	-0.064993
15.67	-0.054589
15.68	-0.035768
15.69	-0.011554
15.7	0.01421
15.71	0.03808
15.72	0.056946
15.73	0.0682
15.74	0.070591
15.75	0.064712
15.76	0.052855
15.77	0.038145
15.78	0.02346
15.79	0.010684
15.8	0.000902
15.81	-0.004846
15.82	-0.005697
15.83	-0.001421
15.84	0.007413
15.85	0.019538
15.86	0.032747
15.87	0.044037
15.88	0.050722
15.89	0.051412
15.9	0.046306
15.91	0.036854
15.92	0.025063
15.93	0.012817
15.94	0.001614
15.95	-0.007117
15.96	-0.012184
15.97	-0.013062
15.98	-0.010064
15.99	-0.004226
16	0.002996
16.01	0.010383
16.02	0.01747
16.03	0.024212
16.04	0.029936
16.05	0.033252
16.06	0.03282
16.07	0.028019
16.08	0.019204
16.09	0.007538
16.1	-0.005489
16.11	-0.018513
16.12	-0.030456
16.13	-0.040619
16.14	-0.048791
16.15	-0.055066
16.16	-0.059121
16.17	-0.060104
16.18	-0.057209
16.19	-0.049889
16.2	-0.037362
16.21	-0.018822
16.22	0.005503
16.23	0.032536
16.24	0.056804
16.25	0.072991
16.26	0.078132
16.27	0.072395
16.28	0.058482
16.29	0.040271
16.3	0.021424
16.31	0.004409
16.32	-0.009824
16.33	-0.021203
16.34	-0.029087
16.35	-0.032395
16.36	-0.031228
16.37	-0.027395
16.38	-0.023499
16.39	-0.021733
16.4	-0.022835
16.41	-0.025942
16.42	-0.029336
16.43	-0.03136
16.44	-0.031134
16.45	-0.028802
16.46	-0.025236
16.47	-0.021542
16.48	-0.018536
16.49	-0.016234
16.5	-0.013884
16.51	-0.010475
16.52	-0.005245
16.53	0.002047
16.54	0.011103
16.55	0.020911
16.56	0.029555
16.57	0.034932
16.58	0.035664
16.59	0.031555
16.6	0.02349
16.61	0.012986
16.62	0.001864
16.63	-0.007399
16.64	-0.012055
16.65	-0.010427
16.66	-0.002988
16.67	0.007978
16.68	0.019564
16.69	0.029364
16.7	0.03599
16.71	0.038867
16.72	0.03807
16.73	0.034367
16.74	0.029126
16.75	0.023851
16.76	0.019674
16.77	0.017101
16.78	0.01601
16.79	0.015713
16.8	0.014903
16.81	0.012681
16.82	0.009427
16.83	0.006419
16.84	0.005051
16.85	0.00606
16.86	0.008731
16.87	0.011103
16.88	0.010996
16.89	0.006829
16.9	-0.002047
16.91	-0.015283
16.92	-0.031759
16.93	-0.049846
16.94	-0.067489
16.95	-0.082356
16.96	-0.092406
16.97	-0.09662
16.98	-0.095237
16.99	-0.089216
17	-0.079627
17.01	-0.067435
17.02	-0.053535
17.03	-0.038957
17.04	-0.024777
17.05	-0.011811
17.06	-0.0005
17.07	0.008665
17.08	0.014998
17.09	0.017991
17.1	0.01763
17.11	0.014441
17.12	0.009308
17.13	0.003199
17.14	-0.003085
17.15	-0.009041
17.16	-0.014189
17.17	-0.017629
17.18	-0.018321
17.19	-0.015619
17.2	-0.009548
17.21	-0.000757
17.22	0.009749
17.23	0.020946
17.24	0.032051
17.25	0.042644
17.26	0.052408
17.27	0.060489
17.28	0.065657
17.29	0.066971
17.3	0.064237
17.31	0.058059
17.32	0.049572
17.33	0.040033
17.34	0.030472
17.35	0.021505
17.36	0.013648
17.37	0.007845
17.38	0.005186
17.39	0.006333
17.4	0.011222
17.41	0.019095
17.42	0.028499
17.43	0.037386
17.44	0.043806
17.45	0.046602
17.46	0.045679
17.47	0.041894
17.48	0.036918
17.49	0.032765
17.5	0.031042
17.51	0.032457
17.52	0.036637
17.53	0.042191
17.54	0.04732
17.55	0.050557
17.56	0.051201
17.57	0.049277
17.58	0.045348
17.59	0.040351
17.6	0.035275
17.61	0.030844
17.62	0.027368
17.63	0.02471
17.64	0.022389
17.65	0.019825
17.66	0.016325
17.67	0.010362
17.68	-0.000127
17.69	-0.015877
17.7	-0.035354
17.71	-0.055649
17.72	-0.073748
17.73	-0.087076
17.74	-0.094006
17.75	-0.094506
17.76	-0.090114
17.77	-0.082732
17.78	-0.073129
17.79	-0.061193
17.8	-0.047284
17.81	-0.032588
17.82	-0.018588
17.83	-0.006511
17.84	0.002679
17.85	0.008313
17.86	0.010245
17.87	0.008928
17.88	0.00526
17.89	0.000361
17.9	-0.004625
17.91	-0.008805
17.92	-0.011738
17.93	-0.013496
17.94	-0.014655
17.95	-0.015961
17.96	-0.017596
17.97	-0.018937
17.98	-0.019018
17.99	-0.017064
18	-0.012814
18.01	-0.006666
18.02	-0.000047
18.03	0.004958
18.04	0.006778
18.05	0.005019
18.06	0.000364
18.07	-0.00585
18.08	-0.011867
18.09	-0.015804
18.1	-0.016286
18.11	-0.012878
18.12	-0.006092
18.13	0.002777
18.14	0.011562
18.15	0.017733
18.16	0.019407
18.17	0.015983
18.18	0.008186
18.19	-0.001935
18.2	-0.011226
18.21	-0.016598
18.22	-0.016183
18.23	-0.009801
18.24	0.001254
18.25	0.014431
18.26	0.026262
18.27	0.033573
18.28	0.034633
18.29	0.029707
18.3	0.020798
18.31	0.010724
18.32	0.002047
18.33	-0.003688
18.34	-0.006192
18.35	-0.00619
18.36	-0.004918
18.37	-0.003599
18.38	-0.00307
18.39	-0.00367
18.4	-0.005327
18.41	-0.007701
18.42	-0.010367
18.43	-0.012964
18.44	-0.015289
18.45	-0.01731
18.46	-0.019124
18.47	-0.020881
18.48	-0.022715
18.49	-0.024704
18.5	-0.026855
18.51	-0.029123
18.52	-0.031435
18.53	-0.033726
18.54	-0.035976
18.55	-0.03831
18.56	-0.040929
18.57	-0.043589
18.58	-0.045415
18.59	-0.045368
18.6	-0.042766
18.61	-0.037534
18.62	-0.030161
18.63	-0.021448
18.64	-0.012169
18.65	-0.003078
18.66	0.004637
18.67	0.009584
18.68	0.010799
18.69	0.008209
18.7	0.003273
18.71	-0.001073
18.72	-0.001711
18.73	0.003374
18.74	0.014496
18.75	0.029995
18.76	0.046484
18.77	0.060236
18.78	0.068626
18.79	0.070625
18.8	0.066324
18.81	0.056571
18.82	0.042717
18.83	0.026285
18.84	0.008685
18.85	-0.008324
18.86	-0.022092
18.87	-0.029972
18.88	-0.030492
18.89	-0.024139
18.9	-0.013375
18.91	-0.001551
18.92	0.008409
18.93	0.014987
18.94	0.01848
18.95	0.020485
18.96	0.02295
18.97	0.027338
18.98	0.033716
18.99	0.040142
19	0.043657
19.01	0.041799
19.02	0.033837
19.03	0.021268
19.04	0.007058
19.05	-0.005663
19.06	-0.014719
19.07	-0.019409
19.08	-0.02047
19.09	-0.019602
19.1	-0.0187
19.11	-0.019185
19.12	-0.021673
19.13	-0.025994
19.14	-0.031293
19.15	-0.035785
19.16	-0.037191
19.17	-0.033741
19.18	-0.024856
19.19	-0.011312
19.2	0.004644
19.21	0.019802
19.22	0.031264
19.23	0.037445
19.24	0.038402
19.25	0.03564
19.26	0.03143
19.27	0.027913
19.28	0.026401
19.29	0.026887
19.3	0.028165
19.31	0.028559
19.32	0.02657
19.33	0.02132
19.34	0.012758
19.35	0.001562
19.36	-0.011178
19.37	-0.023976
19.38	-0.034793
19.39	-0.041679
19.4	-0.043564
19.41	-0.040564
19.42	-0.033767
19.43	-0.024727
19.44	-0.014938
19.45	-0.005517
19.46	0.002878
19.47	0.010043
19.48	0.016148
19.49	0.021528
19.5	0.026046
19.51	0.02878
19.52	0.028567
19.53	0.024634
19.54	0.016915
19.55	0.006042
19.56	-0.006914
19.57	-0.020804
19.58	-0.034531
19.59	-0.046382
19.6	-0.054047
19.61	-0.055655
19.62	-0.050587
19.63	-0.039813
19.64	-0.025704
19.65	-0.01112
19.66	0.001613
19.67	0.011309
19.68	0.017989
19.69	0.022475
19.7	0.025737
19.71	0.02849
19.72	0.031091
19.73	0.033604
19.74	0.035923
19.75	0.037903
19.76	0.039476
19.77	0.040788
19.78	0.042204
19.79	0.043986
19.8	0.045884
19.81	0.047254
19.82	0.047528
19.83	0.046557
19.84	0.044608
19.85	0.042165
19.86	0.039547
19.87	0.036605
19.88	0.032874
19.89	0.027937
19.9	0.021733
19.91	0.014602
19.92	0.007264
19.93	0.000853
19.94	-0.00346
19.95	-0.004958
19.96	-0.003605
19.97	0.000024
19.98	0.005021
19.99	0.010244
20	0.014118
20.01	0.015004
20.02	0.011799
20.03	0.004243
20.04	-0.007084
20.05	-0.021094
20.06	-0.036437
20.07	-0.051366
20.08	-0.064072
20.09	-0.073327
20.1	-0.078822
20.11	-0.080983
20.12	-0.080618
20.13	-0.078531
20.14	-0.075242
20.15	-0.070989
20.16	-0.065798
20.17	-0.059448
20.18	-0.0516
20.19	-0.041931
20.2	-0.030213
20.21	-0.016551
20.22	-0.001798
20.23	0.012588
20.24	0.025191
20.25	0.035147
20.26	0.042139
20.27	0.046186
20.28	0.04761
20.29	0.046985
20.3	0.045004
20.31	0.042191
20.32	0.038568
20.33	0.033754
20.34	0.027182
20.35	0.01832
20.36	0.007019
20.37	-0.006167
20.38	-0.020126
20.39	-0.033668
20.4	-0.045725
20.41	-0.054932
20.42	-0.059838
20.43	-0.059601
20.44	-0.054448
20.45	-0.045588
20.46	-0.034708
20.47	-0.023402
20.48	-0.012763
20.49	-0.003198
20.5	0.005614
20.51	0.014381
20.52	0.023058
20.53	0.030235
20.54	0.033955
20.55	0.032779
20.56	0.026395
20.57	0.015618
20.58	0.001985
20.59	-0.012775
20.6	-0.027164
20.61	-0.040215
20.62	-0.051258
20.63	-0.059495
20.64	-0.064218
20.65	-0.065061
20.66	-0.062011
20.67	-0.055456
20.68	-0.046128
20.69	-0.034919
20.7	-0.022667
20.71	-0.01001
20.72	0.00267
20.73	0.015193
20.74	0.027415
20.75	0.039172
20.76	0.050347
20.77	0.060916
20.78	0.070923
20.79	0.079982
20.8	0.086804
20.81	0.089807
20.82	0.087967
20.83	0.081153
20.84	0.069775
20.85	0.054504
20.86	0.036259
20.87	0.016434
20.88	-0.003243
20.89	-0.021283
20.9	-0.036874
20.91	-0.049688
20.92	-0.059043
20.93	-0.063956
20.94	-0.063824
20.95	-0.059137
20.96	-0.05159
20.97	-0.043387
20.98	-0.036417
20.99	-0.031717
21	-0.02916
21.01	-0.027414
21.02	-0.024631
21.03	-0.019303
21.04	-0.010878
21.05	-0.000408
21.06	0.009628
21.07	0.016538
21.08	0.018556
21.09	0.015346
21.1	0.007864
21.11	-0.002193
21.12	-0.013042
21.13	-0.023311
21.14	-0.032228
21.15	-0.039643
21.16	-0.045876
21.17	-0.05125
21.18	-0.055345
21.19	-0.057125
21.2	-0.055615
21.21	-0.050466
21.22	-0.042162
21.23	-0.031789
21.24	-0.020603
21.25	-0.009649
21.26	0.000361
21.27	0.008981
21.28	0.016057
21.29	0.021736
21.3	0.026387
21.31	0.03046
21.32	0.034355
21.33	0.038337
21.34	0.042473
21.35	0.046405
21.36	0.049297
21.37	0.050278
21.38	0.048889
21.39	0.045247
21.4	0.039937
21.41	0.033759
21.42	0.027561
21.43	0.022146
21.44	0.018068
21.45	0.015496
21.46	0.014218
21.47	0.013723
21.48	0.013331
21.49	0.012427
21.5	0.010655
21.51	0.007972
21.52	0.004589
21.53	0.000845
21.54	-0.002815
21.55	-0.005693
21.56	-0.007019
21.57	-0.006291
21.58	-0.003461
21.59	0.001089
21.6	0.006726
21.61	0.012792
21.62	0.018778
21.63	0.024397
21.64	0.029368
21.65	0.03321
21.66	0.035437
21.67	0.035805
21.68	0.034442
21.69	0.031981
21.7	0.029528
21.71	0.028224
21.72	0.028813
21.73	0.031452
21.74	0.035762
21.75	0.041039
21.76	0.046527
21.77	0.051654
21.78	0.056062
21.79	0.059293
21.8	0.060754
21.81	0.060012
21.82	0.056867
21.83	0.050699
21.84	0.04047
21.85	0.026038
21.86	0.008755
21.87	-0.0092
21.88	-0.02578
21.89	-0.039738
21.9	-0.050769
21.91	-0.058874
21.92	-0.063873
21.93	-0.0656
21.94	-0.064172
21.95	-0.060111
21.96	-0.054424
21.97	-0.048441
21.98	-0.043369
21.99	-0.039925
22	-0.038226
22.01	-0.037902
22.02	-0.03822
22.03	-0.037715
22.04	-0.034277
22.05	-0.026351
22.06	-0.013968
22.07	0.001423
22.08	0.017744
22.09	0.032709
22.1	0.043821
22.11	0.049091
22.12	0.047785
22.13	0.040581
22.14	0.029199
22.15	0.015796
22.16	0.002314
22.17	-0.009989
22.18	-0.020696
22.19	-0.030036
22.2	-0.03816
22.21	-0.044551
22.22	-0.048344
22.23	-0.048907
22.24	-0.046184
22.25	-0.040752
22.26	-0.03363
22.27	-0.025925
22.28	-0.018512
22.29	-0.011912
22.3	-0.006526
22.31	-0.002754
22.32	-0.000831
22.33	-0.000704
22.34	-0.00204
22.35	-0.004341
22.36	-0.007096
22.37	-0.009903
22.38	-0.01245
22.39	-0.014349
22.4	-0.015235
22.41	-0.014952
22.42	-0.013603
22.43	-0.011484
22.44	-0.008961
22.45	-0.006361
22.46	-0.003899
22.47	-0.001731
22.48	-0.00007
22.49	0.000861
22.5	0.00095
22.51	0.00034
22.52	-0.000423
22.53	-0.000597
22.54	0.000462
22.55	0.003181
22.56	0.0077
22.57	0.013843
22.58	0.021191
22.59	0.029228
22.6	0.037488
22.61	0.045651
22.62	0.053363
22.63	0.05919
22.64	0.060601
22.65	0.055648
22.66	0.044426
22.67	0.028907
22.68	0.01188
22.69	-0.004156
22.7	-0.017661
22.71	-0.028204
22.72	-0.036264
22.73	-0.042595
22.74	-0.047403
22.75	-0.050314
22.76	-0.050839
22.77	-0.048903
22.78	-0.045118
22.79	-0.040548
22.8	-0.03626
22.81	-0.032986
22.82	-0.03098
22.83	-0.030066
22.84	-0.02978
22.85	-0.0294
22.86	-0.028107
22.87	-0.025184
22.88	-0.020146
22.89	-0.012886
22.9	-0.003693
22.91	0.006827
22.92	0.017603
22.93	0.027064
22.94	0.033737
22.95	0.036871
22.96	0.036707
22.97	0.034248
22.98	0.030793
22.99	0.027475
23	0.02499
23.01	0.023612
23.02	0.023387
23.03	0.024212
23.04	0.025873
23.05	0.028103
23.06	0.030643
23.07	0.033199
23.08	0.035309
23.09	0.036468
23.1	0.03634
23.11	0.034779
23.12	0.031593
23.13	0.026562
23.14	0.019618
23.15	0.010947
23.16	0.001128
23.17	-0.008535
23.18	-0.01633
23.19	-0.020939
23.2	-0.022062
23.21	-0.020424
23.22	-0.017319
23.23	-0.014068
23.24	-0.011608
23.25	-0.010324
23.26	-0.010095
23.27	-0.010487
23.28	-0.010994
23.29	-0.011217
23.3	-0.010968
23.31	-0.010155
23.32	-0.008548
23.33	-0.005822
23.34	-0.001756
23.35	0.003666
23.36	0.010265
23.37	0.017735
23.38	0.025716
23.39	0.033635
23.4	0.040365
23.41	0.044572
23.42	0.045341
23.43	0.042529
23.44	0.03674
23.45	0.029035
23.46	0.020561
23.47	0.012222
23.48	0.004521
23.49	-0.002331
23.5	-0.008086
23.51	-0.012462
23.52	-0.015303
23.53	-0.016684
23.54	-0.016893
23.55	-0.016217
23.56	-0.014644
23.57	-0.011918
23.58	-0.007793
23.59	-0.002216
23.6	0.004618
23.61	0.012216
23.62	0.019239
23.63	0.023501
23.64	0.022997
23.65	0.016952
23.66	0.006159
23.67	-0.007149
23.68	-0.019623
23.69	-0.028002
23.7	-0.03032
23.71	-0.026377
23.72	-0.017484
23.73	-0.005759
23.74	0.00638
23.75	0.016348
23.76	0.022028
23.77	0.022446
23.78	0.017953
23.79	0.009928
23.8	0.000197
23.81	-0.009591
23.82	-0.018384
23.83	-0.025849
23.84	-0.032238
23.85	-0.03792
23.86	-0.042431
23.87	-0.044409
23.88	-0.042428
23.89	-0.035753
23.9	-0.024632
23.91	-0.010123
23.92	0.006306
23.93	0.022836
23.94	0.036973
23.95	0.046224
23.96	0.049109
23.97	0.045603
23.98	0.036854
23.99	0.024615
24	0.010688
24.01	-0.003223
24.02	-0.015113
24.03	-0.02303
24.04	-0.025816
24.05	-0.02348
24.06	-0.017054
24.07	-0.008105
24.08	0.001885
24.09	0.011914
24.1	0.02156
24.11	0.03086
24.12	0.040093
24.13	0.04953
24.14	0.059229
24.15	0.068326
24.16	0.074663
24.17	0.075825
24.18	0.070332
24.19	0.058194
24.2	0.040765
24.21	0.020133
24.22	-0.001597
24.23	-0.022849
24.24	-0.042715
24.25	-0.060792
24.26	-0.077037
24.27	-0.090869
24.28	-0.100284
24.29	-0.102806
24.3	-0.096881
24.31	-0.082601
24.32	-0.061596
24.33	-0.036374
24.34	-0.009497
24.35	0.017086
24.36	0.04235
24.37	0.066092
24.38	0.087714
24.39	0.105011
24.4	0.115138
24.41	0.116189
24.42	0.108064
24.43	0.092412
24.44	0.07192
24.45	0.049413
24.46	0.027095
24.47	0.006216
24.48	-0.012321
24.49	-0.027128
24.5	-0.036756
24.51	-0.040467
24.52	-0.038581
24.53	-0.032348
24.54	-0.023705
24.55	-0.015224
24.56	-0.009451
24.57	-0.008033
24.58	-0.011307
24.59	-0.018443
24.6	-0.027938
24.61	-0.038152
24.62	-0.047408
24.63	-0.054149
24.64	-0.057438
24.65	-0.057426
24.66	-0.0553
24.67	-0.052683
24.68	-0.050979
24.69	-0.050963
24.7	-0.052643
24.71	-0.055286
24.72	-0.057767
24.73	-0.059003
24.74	-0.057905
24.75	-0.053474
24.76	-0.045207
24.77	-0.033341
24.78	-0.01899
24.79	-0.003933
24.8	0.010041
24.81	0.021559
24.82	0.029856
24.83	0.034889
24.84	0.037255
24.85	0.037932
24.86	0.038065
24.87	0.038785
24.88	0.040983
24.89	0.045275
24.9	0.051724
24.91	0.059592
24.92	0.067669
24.93	0.074821
24.94	0.080377
24.95	0.084253
24.96	0.086691
24.97	0.08736
24.98	0.085115
24.99	0.078732
25	0.067618
25.01	0.052095
25.02	0.033364
25.03	0.013367
25.04	-0.005806
25.05	-0.022507
25.06	-0.035388
25.07	-0.043374
25.08	-0.04607
25.09	-0.043954
25.1	-0.038214
25.11	-0.030377
25.12	-0.022316
25.13	-0.016343
25.14	-0.014501
25.15	-0.017815
25.16	-0.026049
25.17	-0.03769
25.18	-0.049728
25.19	-0.058521
25.2	-0.06129
25.21	-0.057126
25.22	-0.047062
25.23	-0.033426
25.24	-0.019099
25.25	-0.006746
25.26	0.001944
25.27	0.006607
25.28	0.008299
25.29	0.009185
25.3	0.011467
25.31	0.016433
25.32	0.024003
25.33	0.032964
25.34	0.041695
25.35	0.04888
25.36	0.054052
25.37	0.057884
25.38	0.061747
25.39	0.066436
25.4	0.070724
25.41	0.071909
25.42	0.067399
25.43	0.055896
25.44	0.037802
25.45	0.015152
25.46	-0.008937
25.47	-0.031419
25.48	-0.050253
25.49	-0.064307
25.5	-0.07286
25.51	-0.075735
25.52	-0.073484
25.53	-0.067293
25.54	-0.058856
25.55	-0.050446
25.56	-0.044366
25.57	-0.042148
25.58	-0.044152
25.59	-0.049633
25.6	-0.057182
25.61	-0.065309
25.62	-0.072879
25.63	-0.079254
25.64	-0.084251
25.65	-0.088054
25.66	-0.090972
25.67	-0.093069
25.68	-0.094138
25.69	-0.093907
25.7	-0.091804
25.71	-0.086332
25.72	-0.075616
25.73	-0.058443
25.74	-0.034838
25.75	-0.006018
25.76	0.026107
25.77	0.059462
25.78	0.091056
25.79	0.11608
25.8	0.129676
25.81	0.129139
25.82	0.114865
25.83	0.089901
25.84	0.058637
25.85	0.025393
25.86	-0.006333
25.87	-0.03412
25.88	-0.056234
25.89	-0.070928
25.9	-0.076961
25.91	-0.074295
25.92	-0.064225
25.93	-0.048953
25.94	-0.030916
25.95	-0.012158
25.96	0.005975
25.97	0.022194
25.98	0.034433
25.99	0.040539
26	0.039328
26.01	0.031059
26.02	0.017257
26.03	0.00002
26.04	-0.019035
26.05	-0.039145
26.06	-0.059462
26.07	-0.078579
26.08	-0.095015
26.09	-0.107449
26.1	-0.114834
26.11	-0.116793
26.12	-0.113813
26.13	-0.107069
26.14	-0.098044
26.15	-0.088125
26.16	-0.078369
26.17	-0.069422
26.18	-0.061489
26.19	-0.054136
26.2	-0.046113
26.21	-0.035893
26.22	-0.022396
26.23	-0.005379
26.24	0.014587
26.25	0.036435
26.26	0.059086
26.27	0.081687
26.28	0.102862
26.29	0.120462
26.3	0.132508
26.31	0.138109
26.32	0.137729
26.33	0.132741
26.34	0.124672
26.35	0.114785
26.36	0.103945
26.37	0.092641
26.38	0.081305
26.39	0.070632
26.4	0.061391
26.41	0.054097
26.42	0.048779
26.43	0.044898
26.44	0.041548
26.45	0.037843
26.46	0.033285
26.47	0.028001
26.48	0.022579
26.49	0.017709
26.5	0.01387
26.51	0.011181
26.52	0.009356
26.53	0.007849
26.54	0.006098
26.55	0.003724
26.56	0.000675
26.57	-0.002573
26.58	-0.005166
26.59	-0.006296
26.6	-0.005557
26.61	-0.003114
26.62	0.00035
26.63	0.003842
26.64	0.006396
26.65	0.007408
26.66	0.006768
26.67	0.004703
26.68	0.001476
26.69	-0.002717
26.7	-0.007717
26.71	-0.013372
26.72	-0.019519
26.73	-0.02598
26.74	-0.032582
26.75	-0.03919
26.76	-0.045685
26.77	-0.051681
26.78	-0.056403
26.79	-0.059045
26.8	-0.059052
26.81	-0.056171
26.82	-0.050531
26.83	-0.042628
26.84	-0.033211
26.85	-0.023218
26.86	-0.013734
26.87	-0.00578
26.88	0.000004
26.89	0.003532
26.9	0.005219
26.91	0.005779
26.92	0.006074
26.93	0.006927
26.94	0.008888
26.95	0.012016
26.96	0.015461
26.97	0.017618
26.98	0.016933
26.99	0.012671
27	0.005282
27.01	-0.003923
27.02	-0.013364
27.03	-0.021566
27.04	-0.027458
27.05	-0.030637
27.06	-0.031369
27.07	-0.030183
27.08	-0.027376
27.09	-0.02302
27.1	-0.017282
27.11	-0.010602
27.12	-0.003572
27.13	0.003274
27.14	0.009504
27.15	0.01458
27.16	0.017905
27.17	0.01911
27.18	0.018215
27.19	0.015617
27.2	0.012038
27.21	0.008548
27.22	0.006259
27.23	0.005841
27.24	0.007294
27.25	0.01008
27.26	0.013432
27.27	0.016655
27.28	0.019317
27.29	0.021262
27.3	0.022387
27.31	0.022554
27.32	0.021674
27.33	0.019789
27.34	0.017147
27.35	0.014397
27.36	0.012466
27.37	0.01215
27.38	0.013813
27.39	0.017256
27.4	0.021754
27.41	0.026359
27.42	0.030286
27.43	0.033277
27.44	0.035646
27.45	0.03781
27.46	0.039682
27.47	0.040738
27.48	0.04039
27.49	0.038265
27.5	0.034193
27.51	0.028282
27.52	0.021063
27.53	0.013322
27.54	0.005833
27.55	-0.000579
27.56	-0.004937
27.57	-0.006507
27.58	-0.005273
27.59	-0.001985
27.6	0.002216
27.61	0.006255
27.62	0.009431
27.63	0.011529
27.64	0.01274
27.65	0.013536
27.66	0.014552
27.67	0.016368
27.68	0.019305
27.69	0.023355
27.7	0.028246
27.71	0.03351
27.72	0.038386
27.73	0.041975
27.74	0.043608
27.75	0.043095
27.76	0.040698
27.77	0.036951
27.78	0.032454
27.79	0.027721
27.8	0.023049
27.81	0.018373
27.82	0.013315
27.83	0.007434
27.84	0.000457
27.85	-0.007561
27.86	-0.016123
27.87	-0.024454
27.88	-0.031811
27.89	-0.037536
27.9	-0.041091
27.91	-0.042241
27.92	-0.041005
27.93	-0.037491
27.94	-0.031911
27.95	-0.024661
27.96	-0.016439
27.97	-0.008125
27.98	-0.000489
27.99	0.00604
28	0.011416
28.01	0.01571
28.02	0.018716
28.03	0.020044
28.04	0.019418
28.05	0.016894
28.06	0.012905
28.07	0.008097
28.08	0.003109
28.09	-0.001605
28.1	-0.005882
28.11	-0.009838
28.12	-0.013742
28.13	-0.017862
28.14	-0.022356
28.15	-0.027152
28.16	-0.031923
28.17	-0.036132
28.18	-0.038957
28.19	-0.039559
28.2	-0.037453
28.21	-0.032647
28.22	-0.02557
28.23	-0.016913
28.24	-0.007421
28.25	0.002282
28.26	0.011584
28.27	0.019437
28.28	0.024571
28.29	0.0261
28.3	0.023888
28.31	0.018542
28.32	0.011136
28.33	0.002827
28.34	-0.005459
28.35	-0.013204
28.36	-0.020229
28.37	-0.026194
28.38	-0.030361
28.39	-0.031982
28.4	-0.030794
28.41	-0.027251
28.42	-0.022316
28.43	-0.017053
28.44	-0.012286
28.45	-0.008448
28.46	-0.005656
28.47	-0.003816
28.48	-0.002696
28.49	-0.002014
28.5	-0.001513
28.51	-0.00102
28.52	-0.000439
28.53	0.000335
28.54	0.001456
28.55	0.003054
28.56	0.005173
28.57	0.007681
28.58	0.010083
28.59	0.011649
28.6	0.01176
28.61	0.010162
28.62	0.007018
28.63	0.002991
28.64	-0.000705
28.65	-0.002751
28.66	-0.002269
28.67	0.000918
28.68	0.006339
28.69	0.01314
28.7	0.02041
28.71	0.027248
28.72	0.032577
28.73	0.035395
28.74	0.035184
28.75	0.032077
28.76	0.026742
28.77	0.020069
28.78	0.012804
28.79	0.005379
28.8	-0.002067
28.81	-0.009581
28.82	-0.017183
28.83	-0.024693
28.84	-0.03177
28.85	-0.03792
28.86	-0.042576
28.87	-0.045361
28.88	-0.046248
28.89	-0.045516
28.9	-0.043447
28.91	-0.040181
28.92	-0.035804
28.93	-0.03058
28.94	-0.025044
28.95	-0.019809
28.96	-0.015323
28.97	-0.011704
28.98	-0.008759
28.99	-0.006125
29	-0.003441
29.01	-0.000463
29.02	0.002841
29.03	0.00618
29.04	0.009052
29.05	0.011001
29.06	0.011809
29.07	0.011548
29.08	0.01051
29.09	0.009078
29.1	0.007652
29.11	0.0067
29.12	0.006675
29.13	0.007844
29.14	0.010205
29.15	0.013516
29.16	0.017406
29.17	0.021502
29.18	0.025526
29.19	0.029247
29.2	0.032271
29.21	0.034113
29.22	0.034439
29.23	0.033196
29.24	0.030402
29.25	0.025853
29.26	0.019353
29.27	0.011236
29.28	0.002398
29.29	-0.006109
29.3	-0.013487
29.31	-0.019368
29.32	-0.023616
29.33	-0.026131
29.34	-0.026914
29.35	-0.026142
29.36	-0.024156
29.37	-0.021387
29.38	-0.018342
29.39	-0.015686
29.4	-0.01407
29.41	-0.013893
29.42	-0.015191
29.43	-0.017669
29.44	-0.020713
29.45	-0.023329
29.46	-0.02446
29.47	-0.023414
29.48	-0.020076
29.49	-0.014857
29.5	-0.00848
29.51	-0.00183
29.52	0.003994
29.53	0.007941
29.54	0.0094
29.55	0.008368
29.56	0.005373
29.57	0.001216
29.58	-0.003299
29.59	-0.007432
29.6	-0.010478
29.61	-0.011928
29.62	-0.011634
29.63	-0.009823
29.64	-0.006968
29.65	-0.003611
29.66	-0.000203
29.67	0.002964
29.68	0.005689
29.69	0.00783
29.7	0.009338
29.71	0.010272
29.72	0.010774
29.73	0.01103
29.74	0.011269
29.75	0.011745
29.76	0.012648
29.77	0.014046
29.78	0.015796
29.79	0.017338
29.8	0.017855
29.81	0.016667
29.82	0.013571
29.83	0.00894
29.84	0.003515
29.85	-0.001919
29.86	-0.006796
29.87	-0.010882
29.88	-0.014236
29.89	-0.016958
29.9	-0.01899
29.91	-0.020189
29.92	-0.02046
29.93	-0.019841
29.94	-0.018497
29.95	-0.016678
29.96	-0.014675
29.97	-0.012863
29.98	-0.011629
29.99	-0.01123
30	-0.011696
30.01	-0.012754
30.02	-0.013918
30.03	-0.014695
30.04	-0.014771
30.05	-0.014078
30.06	-0.012764
30.07	-0.011089
30.08	-0.009233
30.09	-0.00715
30.1	-0.004705
30.11	-0.001923
30.12	0.000992
30.13	0.003774
30.14	0.006227
30.15	0.008426
30.16	0.010804
30.17	0.013927
30.18	0.018212
30.19	0.023743
30.2	0.030204
30.21	0.037027
30.22	0.043581
30.23	0.049075
30.24	0.052648
30.25	0.05372
30.26	0.052225
30.27	0.048581
30.28	0.043372
30.29	0.037075
30.3	0.029999
30.31	0.022331
30.32	0.014273
30.33	0.006214
30.34	-0.001267
30.35	-0.00754
30.36	-0.012161
30.37	-0.015038
30.38	-0.016434
30.39	-0.016841
30.4	-0.016856
30.41	-0.017109
30.42	-0.018114
30.43	-0.020121
30.44	-0.023088
30.45	-0.026646
30.46	-0.03001
30.47	-0.032227
30.48	-0.032596
30.49	-0.03089
30.5	-0.02729
30.51	-0.022223
30.52	-0.016216
30.53	-0.009754
30.54	-0.003138
30.55	0.003446
30.56	0.009714
30.57	0.015338
30.58	0.020092
30.59	0.023944
30.6	0.027024
30.61	0.02943
30.62	0.031045
30.63	0.03165
30.64	0.031103
30.65	0.029445
30.66	0.026896
30.67	0.023782
30.68	0.020505
30.69	0.017551
30.7	0.01535
30.71	0.014132
30.72	0.013846
30.73	0.0141
30.74	0.014277
30.75	0.013791
30.76	0.012306
30.77	0.009802
30.78	0.006517
30.79	0.002882
30.8	-0.000523
30.81	-0.003147
30.82	-0.004666
30.83	-0.005066
30.84	-0.004589
30.85	-0.003648
30.86	-0.002793
30.87	-0.002589
30.88	-0.003419
30.89	-0.005369
30.9	-0.008255
30.91	-0.011729
30.92	-0.015415
30.93	-0.019025
30.94	-0.022391
30.95	-0.02531
30.96	-0.027446
30.97	-0.028476
30.98	-0.028255
30.99	-0.02688
31	-0.024637
31.01	-0.021901
31.02	-0.019047
31.03	-0.016532
31.04	-0.014858
31.05	-0.014389
31.06	-0.015214
31.07	-0.017145
31.08	-0.01982
31.09	-0.022801
31.1	-0.025488
31.11	-0.027095
31.12	-0.02695
31.13	-0.024762
31.14	-0.020646
31.15	-0.014994
31.16	-0.008335
31.17	-0.001183
31.18	0.00607
31.19	0.013206
31.2	0.020163
31.21	0.026779
31.22	0.032386
31.23	0.036036
31.24	0.037005
31.25	0.035122
31.26	0.030795
31.27	0.024817
31.28	0.018084
31.29	0.011461
31.3	0.005915
31.31	0.002327
31.32	0.001175
31.33	0.002388
31.34	0.005403
31.35	0.009304
31.36	0.013111
31.37	0.016097
31.38	0.017937
31.39	0.018641
31.4	0.018413
31.41	0.017542
31.42	0.016324
31.43	0.01498
31.44	0.013596
31.45	0.012113
31.46	0.010409
31.47	0.008385
31.48	0.006011
31.49	0.003339
31.5	0.000467
31.51	-0.002528
31.52	-0.005651
31.53	-0.008957
31.54	-0.012504
31.55	-0.016312
31.56	-0.020333
31.57	-0.024339
31.58	-0.027892
31.59	-0.030541
31.6	-0.031944
31.61	-0.031767
31.62	-0.029754
31.63	-0.025877
31.64	-0.02039
31.65	-0.013876
31.66	-0.007246
31.67	-0.001447
31.68	0.002883
31.69	0.00558
31.7	0.006911
31.71	0.007422
31.72	0.007751
31.73	0.008433
31.74	0.009761
31.75	0.011758
31.76	0.014193
31.77	0.016537
31.78	0.018097
31.79	0.018327
31.8	0.017028
31.81	0.014377
31.82	0.010878
31.83	0.007274
31.84	0.004289
31.85	0.002381
31.86	0.001637
31.87	0.0018
31.88	0.002351
31.89	0.002722
31.9	0.002498
31.91	0.001521
31.92	-0.0001
31.93	-0.002046
31.94	-0.003938
31.95	-0.005476
31.96	-0.006537
31.97	-0.007203
31.98	-0.00769
31.99	-0.008241
32	-0.00903
32.01	-0.010121
32.02	-0.011478
32.03	-0.012996
32.04	-0.014573
32.05	-0.016211
32.06	-0.018025
32.07	-0.020157
32.08	-0.022657
32.09	-0.025257
32.1	-0.027379
32.11	-0.028429
32.12	-0.027983
32.13	-0.025804
32.14	-0.021886
32.15	-0.016489
32.16	-0.010228
32.17	-0.004048
32.18	0.001122
32.19	0.004701
32.2	0.006601
32.21	0.007174
32.22	0.007051
32.23	0.006893
32.24	0.007166
32.25	0.007919
32.26	0.008786
32.27	0.009235
32.28	0.008839
32.29	0.00743
32.3	0.005112
32.31	0.002164
32.32	-0.001091
32.33	-0.004382
32.34	-0.007544
32.35	-0.01053
32.36	-0.013283
32.37	-0.015486
32.38	-0.016642
32.39	-0.016345
32.4	-0.01448
32.41	-0.011298
32.42	-0.007358
32.43	-0.003315
32.44	0.000307
32.45	0.00325
32.46	0.005526
32.47	0.00733
32.48	0.008852
32.49	0.010092
32.5	0.010905
32.51	0.011135
32.52	0.010712
32.53	0.009692
32.54	0.008254
32.55	0.006655
32.56	0.005145
32.57	0.003892
32.58	0.002954
32.59	0.002323
32.6	0.001969
32.61	0.001844
32.62	0.001894
32.63	0.002061
32.64	0.002293
32.65	0.002538
32.66	0.002729
32.67	0.002808
32.68	0.002742
32.69	0.002533
32.7	0.002211
32.71	0.001819
32.72	0.001346
32.73	0.000706
32.74	-0.000211
32.75	-0.001474
32.76	-0.003081
32.77	-0.004964
32.78	-0.007018
32.79	-0.00913
32.8	-0.011133
32.81	-0.012758
32.82	-0.01373
32.83	-0.013888
32.84	-0.013202
32.85	-0.011761
32.86	-0.00974
32.87	-0.007351
32.88	-0.004794
32.89	-0.002213
32.9	0.000313
32.91	0.002773
32.92	0.005189
32.93	0.007512
32.94	0.009467
32.95	0.010653
32.96	0.010756
32.97	0.009694
32.98	0.007626
32.99	0.004914
33	0.002038
33.01	-0.000554
33.02	-0.002581
33.03	-0.00398
33.04	-0.004841
33.05	-0.005288
33.06	-0.00542
33.07	-0.005312
33.08	-0.005006
33.09	-0.004506
33.1	-0.003807
33.11	-0.002911
33.12	-0.001846
33.13	-0.000657
33.14	0.000596
33.15	0.001809
33.16	0.002813
33.17	0.003439
33.18	0.003598
33.19	0.003306
33.2	0.002669
33.21	0.001865
33.22	0.001119
33.23	0.000627
33.24	0.000498
33.25	0.00073
33.26	0.001234
33.27	0.001883
33.28	0.002555
33.29	0.003152
33.3	0.003556
33.31	0.003631
33.32	0.003286
33.33	0.002509
33.34	0.001372
33.35	-0.000004
33.36	-0.001489
33.37	-0.002976
33.38	-0.004382
33.39	-0.005593
33.4	-0.006486
33.41	-0.006979
33.42	-0.007025
33.43	-0.006555
33.44	-0.005506
33.45	-0.003874
33.46	-0.001735
33.47	0.000751
33.48	0.003283
33.49	0.005458
33.5	0.00694
33.51	0.007577
33.52	0.00748
33.53	0.007061
33.54	0.006879
33.55	0.007403
33.56	0.008854
33.57	0.011139
33.58	0.013755
33.59	0.015908
33.6	0.016874
33.61	0.016277
33.62	0.014173
33.63	0.011021
33.64	0.007535
33.65	0.004411
33.66	0.0021
33.67	0.000719
33.68	0.000098
33.69	-0.000095
33.7	-0.000207
33.71	-0.000515
33.72	-0.001225
33.73	-0.002455
33.74	-0.004208
33.75	-0.006378
33.76	-0.00869
33.77	-0.010662
33.78	-0.011792
33.79	-0.011773
33.8	-0.010587
33.81	-0.008471
33.82	-0.005811
33.83	-0.003066
33.84	-0.000678
33.85	0.001062
33.86	0.002074
33.87	0.002477
33.88	0.002504
33.89	0.002405
33.9	0.002374
33.91	0.002527
33.92	0.002985
33.93	0.003887
33.94	0.005307
33.95	0.007113
33.96	0.008948
33.97	0.010397
33.98	0.011171
33.99	0.011188
34	0.010562
34.01	0.009534
34.02	0.008363
34.03	0.007263
34.04	0.006427
34.05	0.00605
34.06	0.00627
34.07	0.007111
34.08	0.00848
34.09	0.010203
34.1	0.012019
34.11	0.013577
34.12	0.014551
34.13	0.014766
34.14	0.014237
34.15	0.013144
34.16	0.011778
34.17	0.010449
34.18	0.009393
34.19	0.008709
34.2	0.008368
34.21	0.008252
34.22	0.008215
34.23	0.008088
34.24	0.007628
34.25	0.006593
34.26	0.004842
34.27	0.00239
34.28	-0.000613
34.29	-0.003926
34.3	-0.007273
34.31	-0.010421
34.32	-0.013241
34.33	-0.015724
34.34	-0.01791
34.35	-0.019704
34.36	-0.020883
34.37	-0.02124
34.38	-0.020701
34.39	-0.01936
34.4	-0.01744
34.41	-0.015211
34.42	-0.01291
34.43	-0.010667
34.44	-0.008445
34.45	-0.006092
34.46	-0.003449
34.47	-0.000466
34.48	0.002681
34.49	0.005656
34.5	0.008135
34.51	0.009938
34.52	0.011071
34.53	0.011711
34.54	0.012189
34.55	0.012892
34.56	0.014119
34.57	0.015991
34.58	0.018445
34.59	0.021214
34.6	0.023762
34.61	0.025449
34.62	0.025814
34.63	0.024734
34.64	0.022423
34.65	0.019308
34.66	0.01586
34.67	0.012449
34.68	0.009276
34.69	0.006375
34.7	0.003657
34.71	0.000987
34.72	-0.00173
34.73	-0.004506
34.74	-0.00728
34.75	-0.009972
34.76	-0.012519
34.77	-0.0149
34.78	-0.017139
34.79	-0.019283
34.8	-0.021393
34.81	-0.023505
34.82	-0.025556
34.83	-0.027353
34.84	-0.028672
34.85	-0.029323
34.86	-0.029157
34.87	-0.028121
34.88	-0.026289
34.89	-0.02385
34.9	-0.021042
34.91	-0.018078
34.92	-0.015021
34.93	-0.011753
34.94	-0.008083
34.95	-0.003872
34.96	0.000891
34.97	0.00599
34.98	0.011018
34.99	0.015553
35	0.01928
35.01	0.021986
35.02	0.023593
35.03	0.024194
35.04	0.024022
35.05	0.023372
35.06	0.02247
35.07	0.021388
35.08	0.020091
35.09	0.018509
35.1	0.016605
35.11	0.014392
35.12	0.011899
35.13	0.009151
35.14	0.006171
35.15	0.003008
35.16	-0.000241
35.17	-0.003443
35.18	-0.006453
35.19	-0.009069
35.2	-0.01109
35.21	-0.01241
35.22	-0.013056
35.23	-0.013177
35.24	-0.012982
35.25	-0.012681
35.26	-0.012479
35.27	-0.012573
35.28	-0.013082
35.29	-0.013926
35.3	-0.014813
35.31	-0.015394
35.32	-0.015412
35.33	-0.014782
35.34	-0.013545
35.35	-0.011799
35.36	-0.009668
35.37	-0.007279
35.38	-0.004743
35.39	-0.002143
35.4	0.000476
35.41	0.003096
35.42	0.005718
35.43	0.008354
35.44	0.011009
35.45	0.013609
35.46	0.015844
35.47	0.017264
35.48	0.017513
35.49	0.016487
35.5	0.01435
35.51	0.011457
35.52	0.008256
35.53	0.005257
35.54	0.002915
35.55	0.001483
35.56	0.00096
35.57	0.001136
35.58	0.001705
35.59	0.002368
35.6	0.002912
35.61	0.003199
35.62	0.003156
35.63	0.00278
35.64	0.002142
35.65	0.001384
35.66	0.000669
35.67	0.000121
35.68	-0.000207
35.69	-0.000335
35.7	-0.000332
35.71	-0.000281
35.72	-0.00025
35.73	-0.000276
35.74	-0.000383
35.75	-0.000661
35.76	-0.001261
35.77	-0.002319
35.78	-0.003884
35.79	-0.005904
35.8	-0.008227
35.81	-0.010518
35.82	-0.012281
35.83	-0.013073
35.84	-0.012682
35.85	-0.011178
35.86	-0.008856
35.87	-0.006099
35.88	-0.003261
35.89	-0.000574
35.9	0.001865
35.91	0.004007
35.92	0.005774
35.93	0.007087
35.94	0.007922
35.95	0.008326
35.96	0.008407
35.97	0.008294
35.98	0.00811
35.99	0.007934
36	0.007767
36.01	0.007497
36.02	0.00697
36.03	0.006072
36.04	0.004774
36.05	0.00314
36.06	0.001287
36.07	-0.000645
36.08	-0.002472
36.09	-0.00398
36.1	-0.005004
36.11	-0.00549
36.12	-0.005503
36.13	-0.005191
36.14	-0.004733
36.15	-0.004326
36.16	-0.004141
36.17	-0.004279
36.18	-0.004746
36.19	-0.005473
36.2	-0.006348
36.21	-0.007262
36.22	-0.008139
36.23	-0.008917
36.24	-0.009517
36.25	-0.009864
36.26	-0.009917
36.27	-0.009695
36.28	-0.009259
36.29	-0.008697
36.3	-0.008112
36.31	-0.007641
36.32	-0.007417
36.33	-0.007517
36.34	-0.007943
36.35	-0.008627
36.36	-0.009464
36.37	-0.010348
36.38	-0.011148
36.39	-0.011697
36.4	-0.011847
36.41	-0.011534
36.42	-0.010793
36.43	-0.009737
36.44	-0.008522
36.45	-0.007358
36.46	-0.006495
36.47	-0.006127
36.48	-0.006324
36.49	-0.007024
36.5	-0.008072
36.51	-0.009286
36.52	-0.010511
36.53	-0.011649
36.54	-0.012626
36.55	-0.0133
36.56	-0.013498
36.57	-0.013102
36.58	-0.012109
36.59	-0.010626
36.6	-0.008827
36.61	-0.006898
36.62	-0.004985
36.63	-0.003168
36.64	-0.001475
36.65	0.000086
36.66	0.001521
36.67	0.002846
36.68	0.004088
36.69	0.005274
36.7	0.00643
36.71	0.007595
36.72	0.008839
36.73	0.010243
36.74	0.011858
36.75	0.013688
36.76	0.015694
36.77	0.017801
36.78	0.0199
36.79	0.021881
36.8	0.023656
36.81	0.025156
36.82	0.026336
36.83	0.027203
36.84	0.027808
36.85	0.028234
36.86	0.028564
36.87	0.028826
36.88	0.028992
36.89	0.029011
36.9	0.028849
36.91	0.028507
36.92	0.028017
36.93	0.027436
36.94	0.026819
36.95	0.02617
36.96	0.025397
36.97	0.024351
36.98	0.022919
36.99	0.02107
37	0.018869
37.01	0.016506
37.02	0.014279
37.03	0.012467
37.04	0.011229
37.05	0.010566
37.06	0.010345
37.07	0.010367
37.08	0.010416
37.09	0.010307
37.1	0.009934
37.11	0.009284
37.12	0.00842
37.13	0.007441
37.14	0.006444
37.15	0.005494
37.16	0.004596
37.17	0.003666
37.18	0.002577
37.19	0.001264
37.2	-0.000192
37.21	-0.001617
37.22	-0.002831
37.23	-0.003718
37.24	-0.004239
37.25	-0.004424
37.26	-0.00436
37.27	-0.004153
37.28	-0.003902
37.29	-0.003672
37.3	-0.003492
37.31	-0.003359
37.32	-0.00325
37.33	-0.003137
37.34	-0.00301
37.35	-0.002916
37.36	-0.002949
37.37	-0.0032
37.38	-0.003715
37.39	-0.004487
37.4	-0.005471
37.41	-0.006608
37.42	-0.007833
37.43	-0.009094
37.44	-0.010356
37.45	-0.011603
37.46	-0.012834
37.47	-0.014055
37.48	-0.015241
37.49	-0.016286
37.5	-0.017051
37.51	-0.017437
37.52	-0.017426
37.53	-0.017082
37.54	-0.01652
37.55	-0.015864
37.56	-0.015192
37.57	-0.014465
37.58	-0.013557
37.59	-0.012341
37.6	-0.010751
37.61	-0.008827
37.62	-0.006702
37.63	-0.004555
37.64	-0.002595
37.65	-0.001055
37.66	-0.000116
37.67	0.000171
37.68	-0.000111
37.69	-0.000786
37.7	-0.001651
37.71	-0.002535
37.72	-0.003334
37.73	-0.00402
37.74	-0.004635
37.75	-0.005273
37.76	-0.006033
37.77	-0.006974
37.78	-0.008102
37.79	-0.009377
37.8	-0.010729
37.81	-0.01203
37.82	-0.013085
37.83	-0.013708
37.84	-0.013802
37.85	-0.013401
37.86	-0.01268
37.87	-0.011893
37.88	-0.011274
37.89	-0.010962
37.9	-0.01098
37.91	-0.011254
37.92	-0.011662
37.93	-0.012084
37.94	-0.012412
37.95	-0.012512
37.96	-0.012248
37.97	-0.011544
37.98	-0.010409
37.99	-0.008932
38	-0.007244
38.01	-0.005482
38.02	-0.00378
38.03	-0.00226
38.04	-0.000995
38.05	0.000011
38.06	0.000809
38.07	0.001481
38.08	0.002102
38.09	0.00266
38.1	0.00302
38.11	0.00301
38.12	0.002518
38.13	0.001535
38.14	0.000152
38.15	-0.001479
38.16	-0.003203
38.17	-0.0049
38.18	-0.006506
38.19	-0.008017
38.2	-0.009428
38.21	-0.010604
38.22	-0.011277
38.23	-0.011196
38.24	-0.010252
38.25	-0.008517
38.26	-0.006201
38.27	-0.003572
38.28	-0.000874
38.29	0.001733
38.3	0.004183
38.31	0.006436
38.32	0.008322
38.33	0.009576
38.34	0.009984
38.35	0.009491
38.36	0.008217
38.37	0.006403
38.38	0.004351
38.39	0.002391
38.4	0.000794
38.41	-0.0003
38.42	-0.000902
38.43	-0.001139
38.44	-0.001186
38.45	-0.001208
38.46	-0.001316
38.47	-0.001586
38.48	-0.002065
38.49	-0.002766
38.5	-0.003661
38.51	-0.004697
38.52	-0.005813
38.53	-0.006953
38.54	-0.008084
38.55	-0.009192
38.56	-0.010276
38.57	-0.011309
38.58	-0.012215
38.59	-0.012911
38.6	-0.013347
38.61	-0.013527
38.62	-0.013506
38.63	-0.013364
38.64	-0.013178
38.65	-0.013009
38.66	-0.012883
38.67	-0.01275
38.68	-0.01239
38.69	-0.011485
38.7	-0.009784
38.71	-0.007212
38.72	-0.003915
38.73	-0.000278
38.74	0.003196
38.75	0.006087
38.76	0.008193
38.77	0.009554
38.78	0.01042
38.79	0.011174
38.8	0.012183
38.81	0.013677
38.82	0.015653
38.83	0.017815
38.84	0.019721
38.85	0.02099
38.86	0.021441
38.87	0.021125
38.88	0.020263
38.89	0.019144
38.9	0.018025
38.91	0.017066
38.92	0.016316
38.93	0.015731
38.94	0.015232
38.95	0.01476
38.96	0.014298
38.97	0.013861
38.98	0.013474
38.99	0.013155
39	0.012911
39.01	0.01273
39.02	0.01259
39.03	0.012465
39.04	0.012289
39.05	0.01191
39.06	0.011149
39.07	0.009888
39.08	0.008118
39.09	0.005963
39.1	0.003718
39.11	0.001764
39.12	0.000406
39.13	-0.000229
39.14	-0.000204
39.15	0.000279
39.16	0.000972
39.17	0.001662
39.18	0.002211
39.19	0.002525
39.2	0.002533
39.21	0.002209
39.22	0.001579
39.23	0.000716
39.24	-0.000289
39.25	-0.00135
39.26	-0.002407
39.27	-0.003403
39.28	-0.00424
39.29	-0.004805
39.3	-0.005019
39.31	-0.004863
39.32	-0.004376
39.33	-0.00364
39.34	-0.002755
39.35	-0.001812
39.36	-0.000876
39.37	0.000024
39.38	0.00088
39.39	0.001657
39.4	0.002256
39.41	0.00257
39.42	0.002536
39.43	0.002165
39.44	0.001527
39.45	0.000728
39.46	-0.000127
39.47	-0.000961
39.48	-0.001738
39.49	-0.002456
39.5	-0.003131
39.51	-0.003778
39.52	-0.004395
39.53	-0.004974
39.54	-0.005509
39.55	-0.005999
39.56	-0.006451
39.57	-0.006876
39.58	-0.007287
39.59	-0.007696
39.6	-0.008127
39.61	-0.00867
39.62	-0.009474
39.63	-0.010669
39.64	-0.012273
39.65	-0.014048
39.66	-0.015521
39.67	-0.016219
39.68	-0.015866
39.69	-0.014469
39.7	-0.012287
39.71	-0.009723
39.72	-0.007169
39.73	-0.004895
39.74	-0.003
39.75	-0.001431
39.76	-0.000048
39.77	0.001306
39.78	0.00275
39.79	0.004336
39.8	0.006028
39.81	0.007657
39.82	0.008979
39.83	0.009793
39.84	0.010022
39.85	0.009727
39.86	0.009058
39.87	0.008172
39.88	0.00719
39.89	0.006184
39.9	0.005177
39.91	0.004155
39.92	0.003067
39.93	0.001847
39.94	0.000448
39.95	-0.001122
39.96	-0.002737
39.97	-0.00416
39.98	-0.005166
39.99	-0.005633
40	-0.005575
40.01	-0.005118
40.02	-0.004441
40.03	-0.003714
40.04	-0.003056
40.05	-0.002514
40.06	-0.002078
40.07	-0.0017
40.08	-0.001323
40.09	-0.000907
40.1	-0.000434
40.11	0.000086
40.12	0.000586
40.13	0.00094
40.14	0.001022
40.15	0.000766
40.16	0.000182
40.17	-0.00065
40.18	-0.001595
40.19	-0.002462
40.2	-0.003071
40.21	-0.003316
40.22	-0.003191
40.23	-0.002795
40.24	-0.002308
40.25	-0.001929
40.26	-0.001803
40.27	-0.001979
40.28	-0.002418
40.29	-0.003024
40.3	-0.003688
40.31	-0.004318
40.32	-0.004812
40.33	-0.00503
40.34	-0.004849
40.35	-0.004214
40.36	-0.003165
40.37	-0.001808
40.38	-0.000282
40.39	0.00129
40.4	0.002826
40.41	0.004293
40.42	0.005698
40.43	0.007074
40.44	0.008434
40.45	0.009692
40.46	0.010671
40.47	0.0112
40.48	0.011197
40.49	0.010696
40.5	0.009828
40.51	0.008784
40.52	0.007769
40.53	0.006942
40.54	0.006374
40.55	0.006049
40.56	0.005891
40.57	0.005794
40.58	0.005658
40.59	0.005416
40.6	0.005048
40.61	0.004574
40.62	0.00404
40.63	0.003492
40.64	0.002967
40.65	0.00248
40.66	0.00203
40.67	0.001601
40.68	0.001175
40.69	0.000737
40.7	0.000281
40.71	-0.000192
40.72	-0.000676
40.73	-0.001162
40.74	-0.00162
40.75	-0.001956
40.76	-0.002035
40.77	-0.001756
40.78	-0.001094
40.79	-0.000102
40.8	0.001112
40.81	0.002428
40.82	0.003746
40.83	0.005007
40.84	0.006196
40.85	0.007332
40.86	0.00844
40.87	0.009542
40.88	0.010644
40.89	0.011741
40.9	0.012827
40.91	0.013886
40.92	0.01488
40.93	0.015767
40.94	0.01652
40.95	0.017137
40.96	0.017645
40.97	0.018084
40.98	0.018497
40.99	0.018916
41	0.019358
41.01	0.019824
41.02	0.020301
41.03	0.020724
41.04	0.020952
41.05	0.020834
41.06	0.020282
41.07	0.019287
41.08	0.017845
41.09	0.01593
41.1	0.013533
41.11	0.010703
41.12	0.007601
41.13	0.004489
41.14	0.001627
41.15	-0.000823
41.16	-0.00283
41.17	-0.004475
41.18	-0.005866
41.19	-0.007063
41.2	-0.008085
41.21	-0.00893
41.22	-0.009601
41.23	-0.010085
41.24	-0.01034
41.25	-0.010322
41.26	-0.01002
41.27	-0.009461
41.28	-0.008679
41.29	-0.0077
41.3	-0.006547
41.31	-0.005248
41.32	-0.003839
41.33	-0.002357
41.34	-0.000838
41.35	0.000693
41.36	0.002211
41.37	0.003618
41.38	0.004685
41.39	0.005161
41.4	0.004897
41.41	0.003905
41.42	0.002351
41.43	0.000522
41.44	-0.001272
41.45	-0.002798
41.46	-0.003947
41.47	-0.004719
41.48	-0.00518
41.49	-0.005437
41.5	-0.005598
41.51	-0.005744
41.52	-0.005921
41.53	-0.006137
41.54	-0.006376
41.55	-0.006614
41.56	-0.006828
41.57	-0.007011
41.58	-0.007163
41.59	-0.007297
41.6	-0.007426
41.61	-0.007562
41.62	-0.007699
41.63	-0.007811
41.64	-0.007858
41.65	-0.007814
41.66	-0.007671
41.67	-0.007445
41.68	-0.007165
41.69	-0.006862
41.7	-0.006561
41.71	-0.006278
41.72	-0.006015
41.73	-0.005767
41.74	-0.005529
41.75	-0.005341
41.76	-0.005293
41.77	-0.005476
41.78	-0.005942
41.79	-0.006677
41.8	-0.007621
41.81	-0.008679
41.82	-0.009745
41.83	-0.010731
41.84	-0.011587
41.85	-0.012306
41.86	-0.01291
41.87	-0.013386
41.88	-0.013691
41.89	-0.013776
41.9	-0.013628
41.91	-0.01327
41.92	-0.012761
41.93	-0.012167
41.94	-0.011547
41.95	-0.010926
41.96	-0.0103
41.97	-0.009649
41.98	-0.008951
41.99	-0.0082
42	-0.007397
42.01	-0.006559
42.02	-0.005705
42.03	-0.00485
42.04	-0.004007
42.05	-0.003178
42.06	-0.002363
42.07	-0.001586
42.08	-0.000913
42.09	-0.000423
42.1	-0.000162
42.11	-0.000129
42.12	-0.000279
42.13	-0.000557
42.14	-0.000943
42.15	-0.001448
42.16	-0.002087
42.17	-0.002843
42.18	-0.003654
42.19	-0.004444
42.2	-0.005148
42.21	-0.00574
42.22	-0.006224
42.23	-0.006633
42.24	-0.007007
42.25	-0.007384
42.26	-0.007784
42.27	-0.008215
42.28	-0.008658
42.29	-0.009068
42.3	-0.009384
42.31	-0.009567
42.32	-0.009605
42.33	-0.009519
42.34	-0.009298
42.35	-0.0088
42.36	-0.007811
42.37	-0.006224
42.38	-0.004193
42.39	-0.00206
42.4	-0.000184
42.41	0.001193
42.42	0.002011
42.43	0.002365
42.44	0.002445
42.45	0.00245
42.46	0.002547
42.47	0.002841
42.48	0.003373
42.49	0.004117
42.5	0.005002
42.51	0.005947
42.52	0.006887
42.53	0.007782
42.54	0.008627
42.55	0.009438
42.56	0.010239
42.57	0.011052
42.58	0.011848
42.59	0.012497
42.6	0.012828
42.61	0.012714
42.62	0.01213
42.63	0.011147
42.64	0.009904
42.65	0.00855
42.66	0.007206
42.67	0.005941
42.68	0.004771
42.69	0.003708
42.7	0.00279
42.71	0.002062
42.72	0.001549
42.73	0.001238
42.74	0.001086
42.75	0.001032
42.76	0.001011
42.77	0.000958
42.78	0.000813
42.79	0.000543
42.8	0.000146
42.81	-0.000348
42.82	-0.0009
42.83	-0.00147
42.84	-0.002028
42.85	-0.00256
42.86	-0.003053
42.87	-0.00348
42.88	-0.003813
42.89	-0.004029
42.9	-0.004084
42.91	-0.003903
42.92	-0.003418
42.93	-0.002612
42.94	-0.001523
42.95	-0.000232
42.96	0.00116
42.97	0.002537
42.98	0.003771
42.99	0.004763
43	0.005478
43.01	0.005947
43.02	0.006244
43.03	0.006461
43.04	0.006672
43.05	0.006925
43.06	0.007232
43.07	0.00758
43.08	0.007941
43.09	0.008269
43.1	0.00849
43.11	0.008537
43.12	0.008352
43.13	0.007864
43.14	0.007002
43.15	0.005745
43.16	0.004133
43.17	0.002257
43.18	0.000231
43.19	-0.001813
43.2	-0.003678
43.21	-0.005149
43.22	-0.006087
43.23	-0.006473
43.24	-0.006403
43.25	-0.006044
43.26	-0.00557
43.27	-0.005119
43.28	-0.004764
43.29	-0.004519
43.3	-0.00435
43.31	-0.004206
43.32	-0.004041
43.33	-0.003825
43.34	-0.003513
43.35	-0.003031
43.36	-0.002305
43.37	-0.001306
43.38	-0.000055
43.39	0.001382
43.4	0.002879
43.41	0.00423
43.42	0.005218
43.43	0.005705
43.44	0.00568
43.45	0.005242
43.46	0.004552
43.47	0.003777
43.48	0.00304
43.49	0.0024
43.5	0.001861
43.51	0.001395
43.52	0.000991
43.53	0.000665
43.54	0.000443
43.55	0.000338
43.56	0.000346
43.57	0.000443
43.58	0.000597
43.59	0.000774
43.6	0.000948
43.61	0.001097
43.62	0.001189
43.63	0.001199
43.64	0.001116
43.65	0.000946
43.66	0.00071
43.67	0.000438
43.68	0.000173
43.69	-0.000022
43.7	-0.000085
43.71	0.000016
43.72	0.000278
43.73	0.000665
43.74	0.001123
43.75	0.001602
43.76	0.002067
43.77	0.002499
43.78	0.00288
43.79	0.003184
43.8	0.003387
43.81	0.003483
43.82	0.003482
43.83	0.003411
43.84	0.003301
43.85	0.00318
43.86	0.003067
43.87	0.002968
43.88	0.002884
43.89	0.002816
43.9	0.002808
43.91	0.002928
43.92	0.00324
43.93	0.003764
43.94	0.00448
43.95	0.005333
43.96	0.006255
43.97	0.007174
43.98	0.007999
43.99	0.008639
44	0.00904
44.01	0.009202
44.02	0.009173
44.03	0.009021
44.04	0.008778
44.05	0.008409
44.06	0.007855
44.07	0.007071
44.08	0.006056
44.09	0.004851
44.1	0.003523
44.11	0.002147
44.12	0.000818
44.13	-0.000339
44.14	-0.001213
44.15	-0.001755
44.16	-0.001986
44.17	-0.001989
44.18	-0.001867
44.19	-0.001716
44.2	-0.001609
44.21	-0.001606
44.22	-0.001757
44.23	-0.002081
44.24	-0.002566
44.25	-0.003163
44.26	-0.003786
44.27	-0.00433
44.28	-0.004714
44.29	-0.00491
44.3	-0.004936
44.31	-0.004849
44.32	-0.004712
44.33	-0.004581
44.34	-0.004487
44.35	-0.004445
44.36	-0.004486
44.37	-0.004656
44.38	-0.00499
44.39	-0.005496
44.4	-0.006151
44.41	-0.006908
44.42	-0.007712
44.43	-0.008488
44.44	-0.009142
44.45	-0.009601
44.46	-0.009838
44.47	-0.009874
44.48	-0.00977
44.49	-0.009597
44.5	-0.009417
44.51	-0.009266
44.52	-0.009159
44.53	-0.009084
44.54	-0.009024
44.55	-0.008959
44.56	-0.008875
44.57	-0.00877
44.58	-0.008647
44.59	-0.008517
44.6	-0.008388
44.61	-0.008266
44.62	-0.008154
44.63	-0.008049
44.64	-0.007936
44.65	-0.007768
44.66	-0.007486
44.67	-0.007046
44.68	-0.006439
44.69	-0.005695
44.7	-0.004892
44.71	-0.004145
44.72	-0.003563
44.73	-0.003208
44.74	-0.003078
44.75	-0.003118
44.76	-0.003254
44.77	-0.003409
44.78	-0.003533
44.79	-0.003595
44.8	-0.003564
44.81	-0.003404
44.82	-0.003099
44.83	-0.002668
44.84	-0.002179
44.85	-0.001721
44.86	-0.00137
44.87	-0.001161
44.88	-0.001085
44.89	-0.001104
44.9	-0.001165
44.91	-0.001224
44.92	-0.001238
44.93	-0.001162
44.94	-0.00096
44.95	-0.000618
44.96	-0.000152
44.97	0.000403
44.98	0.000998
44.99	0.001573
45	0.002072
45.01	0.002461
45.02	0.002739
45.03	0.002931
45.04	0.003073
45.05	0.003203
45.06	0.003348
45.07	0.003542
45.08	0.003829
45.09	0.004242
45.1	0.004793
45.11	0.005465
45.12	0.006222
45.13	0.007023
45.14	0.007833
45.15	0.008627
45.16	0.0094
45.17	0.010155
45.18	0.010902
45.19	0.011651
45.2	0.012411
45.21	0.013172
45.22	0.013858
45.23	0.014317
45.24	0.014395
45.25	0.014016
45.26	0.013202
45.27	0.012059
45.28	0.010734
45.29	0.009388
45.3	0.008187
45.31	0.007255
45.32	0.006641
45.33	0.006311
45.34	0.006178
45.35	0.006136
45.36	0.006098
45.37	0.006008
45.38	0.005853
45.39	0.005651
45.4	0.00543
45.41	0.005221
45.42	0.005041
45.43	0.004895
45.44	0.004773
45.45	0.004663
45.46	0.004549
45.47	0.004422
45.48	0.00427
45.49	0.004077
45.5	0.003835
45.51	0.00354
45.52	0.003202
45.53	0.00282
45.54	0.00236
45.55	0.001775
45.56	0.001032
45.57	0.000127
45.58	-0.000914
45.59	-0.002033
45.6	-0.003129
45.61	-0.004082
45.62	-0.004806
45.63	-0.005271
45.64	-0.005512
45.65	-0.005604
45.66	-0.005632
45.67	-0.005669
45.68	-0.005789
45.69	-0.006077
45.7	-0.006597
45.71	-0.007367
45.72	-0.008311
45.73	-0.009229
45.74	-0.009872
45.75	-0.010059
45.76	-0.009732
45.77	-0.008962
45.78	-0.007901
45.79	-0.006722
45.8	-0.005568
45.81	-0.004551
45.82	-0.003762
45.83	-0.003249
45.84	-0.003001
45.85	-0.002964
45.86	-0.003056
45.87	-0.003194
45.88	-0.003289
45.89	-0.003251
45.9	-0.003015
45.91	-0.002568
45.92	-0.001939
45.93	-0.001201
45.94	-0.000459
45.95	0.000182
45.96	0.000654
45.97	0.000942
45.98	0.00108
45.99	0.001128
46	0.001149
46.01	0.001206
46.02	0.001407
46.03	0.001894
46.04	0.002777
46.05	0.004086
46.06	0.005727
46.07	0.00747
46.08	0.009022
46.09	0.010156
46.1	0.01078
46.11	0.010944
46.12	0.010794
46.13	0.010495
46.14	0.010162
46.15	0.009844
46.16	0.009537
46.17	0.00921
46.18	0.008832
46.19	0.008393
46.2	0.007926
46.21	0.007483
46.22	0.007116
46.23	0.006849
46.24	0.006681
46.25	0.006588
46.26	0.006534
46.27	0.006486
46.28	0.006405
46.29	0.006213
46.3	0.005804
46.31	0.005098
46.32	0.004075
46.33	0.002779
46.34	0.001298
46.35	-0.000269
46.36	-0.00184
46.37	-0.003367
46.38	-0.004837
46.39	-0.006265
46.4	-0.007659
46.41	-0.008924
46.42	-0.009858
46.43	-0.01026
46.44	-0.010028
46.45	-0.0092
46.46	-0.007923
46.47	-0.006396
46.48	-0.004803
46.49	-0.003274
46.5	-0.001862
46.51	-0.000563
46.52	0.000623
46.53	0.001662
46.54	0.002503
46.55	0.003119
46.56	0.003518
46.57	0.003745
46.58	0.003863
46.59	0.003934
46.6	0.004009
46.61	0.004111
46.62	0.004247
46.63	0.004405
46.64	0.00457
46.65	0.004727
46.66	0.004868
46.67	0.004993
46.68	0.005101
46.69	0.00516
46.7	0.005096
46.71	0.004833
46.72	0.004333
46.73	0.003605
46.74	0.002705
46.75	0.001705
46.76	0.000677
46.77	-0.000312
46.78	-0.001191
46.79	-0.001897
46.8	-0.002402
46.81	-0.002722
46.82	-0.002905
46.83	-0.003012
46.84	-0.0031
46.85	-0.003219
46.86	-0.003425
46.87	-0.003766
46.88	-0.004262
46.89	-0.004903
46.9	-0.00565
46.91	-0.006458
46.92	-0.007282
46.93	-0.008093
46.94	-0.008866
46.95	-0.009563
46.96	-0.010143
46.97	-0.010583
46.98	-0.010888
46.99	-0.011085
47	-0.011216
47.01	-0.011322
47.02	-0.011433
47.03	-0.011563
47.04	-0.011706
47.05	-0.011827
47.06	-0.011877
47.07	-0.01182
47.08	-0.011644
47.09	-0.011366
47.1	-0.011022
47.11	-0.010649
47.12	-0.01028
47.13	-0.009932
47.14	-0.009609
47.15	-0.009302
47.16	-0.008993
47.17	-0.008662
47.18	-0.008296
47.19	-0.007892
47.2	-0.007457
47.21	-0.007004
47.22	-0.006546
47.23	-0.006093
47.24	-0.00565
47.25	-0.00522
47.26	-0.004815
47.27	-0.004445
47.28	-0.004116
47.29	-0.003828
47.3	-0.003571
47.31	-0.003334
47.32	-0.003105
47.33	-0.002875
47.34	-0.002638
47.35	-0.002395
47.36	-0.002149
47.37	-0.001901
47.38	-0.001663
47.39	-0.001469
47.4	-0.001362
47.41	-0.001379
47.42	-0.001528
47.43	-0.00179
47.44	-0.002128
47.45	-0.002498
47.46	-0.002835
47.47	-0.003044
47.48	-0.003037
47.49	-0.002769
47.5	-0.002256
47.51	-0.001557
47.52	-0.000755
47.53	0.000074
47.54	0.000877
47.55	0.001634
47.56	0.002347
47.57	0.003028
47.58	0.003648
47.59	0.004141
47.6	0.004436
47.61	0.0045
47.62	0.004349
47.63	0.004035
47.64	0.003629
47.65	0.00319
47.66	0.002732
47.67	0.002236
47.68	0.001669
47.69	0.001007
47.7	0.00025
47.71	-0.000566
47.72	-0.001369
47.73	-0.002085
47.74	-0.002665
47.75	-0.003106
47.76	-0.00348
47.77	-0.003914
47.78	-0.004531
47.79	-0.005403
47.8	-0.006528
47.81	-0.00785
47.82	-0.009274
47.83	-0.010645
47.84	-0.011733
47.85	-0.012322
47.86	-0.012305
47.87	-0.011712
47.88	-0.010684
47.89	-0.009415
47.9	-0.008086
47.91	-0.006821
47.92	-0.00567
47.93	-0.004622
47.94	-0.00363
47.95	-0.002638
47.96	-0.001623
47.97	-0.000618
47.98	0.000312
47.99	0.001106
48	0.001737
48.01	0.002222
48.02	0.002636
48.03	0.003098
48.04	0.003716
48.05	0.004543
48.06	0.005536
48.07	0.006561
48.08	0.007462
48.09	0.008128
48.1	0.008524
48.11	0.008688
48.12	0.008706
48.13	0.008674
48.14	0.008667
48.15	0.008724
48.16	0.008848
48.17	0.009019
48.18	0.009203
48.19	0.009371
48.2	0.009499
48.21	0.009562
48.22	0.009543
48.23	0.009441
48.24	0.009271
48.25	0.009054
48.26	0.008817
48.27	0.008578
48.28	0.008361
48.29	0.008192
48.3	0.008095
48.31	0.00808
48.32	0.00814
48.33	0.008257
48.34	0.008405
48.35	0.008751
48.36	0.008903
48.37	0.009041
48.38	0.00915
48.39	0.009196
48.4	0.009139
48.41	0.008953
48.42	0.008637
48.43	0.008218
48.44	0.007735
48.45	0.007243
48.46	0.006805
48.47	0.006474
48.48	0.006269
48.49	0.006181
48.5	0.006175
48.51	0.006208
48.52	0.006244
48.53	0.00626
48.54	0.006248
48.55	0.006214
48.56	0.006171
48.57	0.006128
48.58	0.006075
48.59	0.005987
48.6	0.005834
48.61	0.005602
48.62	0.005293
48.63	0.004925
48.64	0.004523
48.65	0.004111
48.66	0.003696
48.67	0.003274
48.68	0.00283
48.69	0.002354
48.7	0.001843
48.71	0.0013
48.72	0.000738
48.73	0.000167
48.74	-0.000401
48.75	-0.000958
48.76	-0.001475
48.77	-0.001885
48.78	-0.002114
48.79	-0.00212
48.8	-0.001911
48.81	-0.001532
48.82	-0.001052
48.83	-0.000539
48.84	-0.000048
48.85	0.000355
48.86	0.000587
48.87	0.000579
48.88	0.000312
48.89	-0.000184
48.9	-0.000823
48.91	-0.001468
48.92	-0.001982
48.93	-0.002274
48.94	-0.002324
48.95	-0.002175
48.96	-0.001905
48.97	-0.001598
48.98	-0.001317
48.99	-0.001092
49	-0.000924
49.01	-0.000803
49.02	-0.000736
49.03	-0.000739
49.04	-0.000825
49.05	-0.000997
49.06	-0.00124
49.07	-0.001534
49.08	-0.001853
49.09	-0.00217
49.1	-0.002434
49.11	-0.00257
49.12	-0.002517
49.13	-0.00225
49.14	-0.001793
49.15	-0.001202
49.16	-0.000545
49.17	0.00012
49.18	0.000751
49.19	0.001303
49.2	0.001718
49.21	0.001948
49.22	0.001981
49.23	0.001841
49.24	0.001586
49.25	0.001305
49.26	0.001089
49.27	0.001001
49.28	0.001061
49.29	0.001247
49.3	0.001512
49.31	0.001803
49.32	0.002068
49.33	0.002255
49.34	0.002328
49.35	0.002275
49.36	0.002114
49.37	0.001885
49.38	0.001657
49.39	0.00152
49.4	0.001543
49.41	0.001756
49.42	0.002137
49.43	0.002634
49.44	0.003167
49.45	0.003634
49.46	0.003941
49.47	0.00404
49.48	0.003934
49.49	0.003673
49.5	0.003328
49.51	0.002964
49.52	0.002628
49.53	0.002337
49.54	0.002087
49.55	0.00186
49.56	0.001637
49.57	0.001415
49.58	0.001207
49.59	0.001031
49.6	0.0009
49.61	0.000817
49.62	0.00075
49.63	0.000605
49.64	0.000259
49.65	-0.000377
49.66	-0.001324
49.67	-0.002531
49.68	-0.003873
49.69	-0.00516
49.7	-0.006209
49.71	-0.006913
49.72	-0.00726
49.73	-0.007326
49.74	-0.007231
49.75	-0.007092
49.76	-0.006995
49.77	-0.006976
49.78	-0.007032
49.79	-0.007129
49.8	-0.007229
49.81	-0.007295
49.82	-0.007273
49.83	-0.007108
49.84	-0.006766
49.85	-0.006249
49.86	-0.005593
49.87	-0.004854
49.88	-0.004091
49.89	-0.00338
49.9	-0.002801
49.91	-0.002411
49.92	-0.002225
49.93	-0.00221
49.94	-0.002308
49.95	-0.002456
49.96	-0.0026
49.97	-0.002713
49.98	-0.00278
49.99	-0.002775
50	-0.002651
50.01	-0.00237
50.02	-0.00192
50.03	-0.001324
50.04	-0.000626
50.05	0.00012
50.06	0.00087
50.07	0.001582
50.08	0.002192
50.09	0.002608
50.1	0.002763
50.11	0.00264
50.12	0.002278
50.13	0.001754
50.14	0.001159
50.15	0.000585
50.16	0.000122
50.17	-0.000171
50.18	-0.000279
50.19	-0.000231
50.2	-0.000084
50.21	0.000104
50.22	0.000284
50.23	0.000431
50.24	0.000542
50.25	0.000628
50.26	0.000705
50.27	0.00079
50.28	0.000888
50.29	0.000985
50.3	0.001054
50.31	0.001069
50.32	0.001015
50.33	0.000896
50.34	0.000729
50.35	0.000537
50.36	0.000341
50.37	0.000157
50.38	-0.00001
50.39	-0.00016
50.4	-0.00029
50.41	-0.000396
50.42	-0.000472
50.43	-0.000519
50.44	-0.000541
50.45	-0.000544
50.46	-0.000547
50.47	-0.000584
50.48	-0.000694
50.49	-0.000902
50.5	-0.001208
50.51	-0.001592
50.52	-0.002021
50.53	-0.002463
50.54	-0.002891
50.55	-0.003293
50.56	-0.003668
50.57	-0.004021
50.58	-0.004327
50.59	-0.004527
50.6	-0.004553
50.61	-0.004369
50.62	-0.003984
50.63	-0.003446
50.64	-0.002822
50.65	-0.002176
50.66	-0.001556
50.67	-0.000982
50.68	-0.000455
50.69	0.000019
50.7	0.000381
50.71	0.000535
50.72	0.000404
50.73	-0.00003
50.74	-0.000723
50.75	-0.001588
50.76	-0.002526
50.77	-0.003423
50.78	-0.004102
50.79	-0.004372
50.8	-0.004109
50.81	-0.003311
50.82	-0.002086
50.83	-0.000602
50.84	0.000959
50.85	0.00237
50.86	0.003308
50.87	0.00347
50.88	0.002712
50.89	0.001094
50.9	-0.001157
50.91	-0.003743
50.92	-0.006362
50.93	-0.008639
50.94	-0.01013
50.95	-0.010503
50.96	-0.009677
50.97	-0.007909
50.98	-0.005732
50.99	-0.003725
51	-0.002306
51.01	-0.001632
51.02	-0.00161
51.03	-0.00192
51.04	-0.002083
51.05	-0.001646
51.06	-0.000358
51.07	0.001775
51.08	0.004519
51.09	0.007371
51.1	0.009583
51.11	0.010472
51.12	0.009694
51.13	0.007339
51.14	0.003875
51.15	0.00011
51.16	-0.003049
51.17	-0.004927
51.18	-0.005284
51.19	-0.004311
51.2	-0.002475
51.21	-0.000313
51.22	0.001735
51.23	0.003419
51.24	0.00461
51.25	0.00518
51.26	0.005027
51.27	0.004148
51.28	0.002654
51.29	0.000746
51.3	-0.001254
51.31	-0.002912
51.32	-0.00384
51.33	-0.003852
51.34	-0.003014
51.35	-0.001668
51.36	-0.000319
51.37	0.000581
51.38	0.000784
51.39	0.000309
51.4	-0.000566
51.41	-0.001438
51.42	-0.001962
51.43	-0.001957
51.44	-0.001445
51.45	-0.000614
51.46	0.000273
51.47	0.000992
51.48	0.00142
51.49	0.001565
51.5	0.001539
51.51	0.001492
51.52	0.001545
51.53	0.001759
51.54	0.002125
51.55	0.002565
51.56	0.002944
51.57	0.003129
51.58	0.003046
51.59	0.002698
51.6	0.002152
51.61	0.001505
51.62	0.000852
51.63	0.000259
51.64	-0.000246
51.65	-0.000631
51.66	-0.000812
51.67	-0.000689
51.68	-0.000208
51.69	0.000607
51.7	0.001639
51.71	0.002668
51.72	0.003451
51.73	0.003823
51.74	0.003745
51.75	0.003298
51.76	0.002629
51.77	0.001893
51.78	0.001214
51.79	0.000666
51.8	0.000299
51.81	0.000128
51.82	0.000137
51.83	0.00028
51.84	0.000499
51.85	0.00073
51.86	0.000915
51.87	0.001017
51.88	0.001025
51.89	0.000957
51.9	0.000843
51.91	0.000716
51.92	0.0006
51.93	0.000517
51.94	0.00048
51.95	0.000489
51.96	0.000539
51.97	0.000615
51.98	0.0007
51.99	0.000784
52	0.000864
52.01	0.000943
52.02	0.001029
52.03	0.001125
52.04	0.00123
52.05	0.001339
52.06	0.001431
52.07	0.001477
52.08	0.001456
52.09	0.001362
52.1	0.001206
52.11	0.001011
52.12	0.000805
52.13	0.000609
52.14	0.000435
52.15	0.00029
52.16	0.000187
52.17	0.000141
52.18	0.000161
52.19	0.000243
52.2	0.000371
52.21	0.000523
52.22	0.000677
52.23	0.000808
52.24	0.000885
52.25	0.000885
52.26	0.000804
52.27	0.000657
52.28	0.000468
52.29	0.000275
52.3	0.000113
52.31	0.00001
52.32	-0.000027
52.33	-0.000009
52.34	0.000044
52.35	0.000108
52.36	0.000159
52.37	0.000179
52.38	0.00016
52.39	0.00011
52.4	0.000043
52.41	-0.000021
52.42	-0.000065
52.43	-0.000084
52.44	-0.00008
52.45	-0.000061
52.46	-0.000035
52.47	-0.000012
52.48	0.000004
52.49	0.000014
52.5	0.000021
52.51	0.000028
52.52	0.000039
52.53	0.000054
52.54	0.000072
52.55	0.000092
52.56	0.00011
52.57	0.000127
52.58	0.000142
52.59	0.000155
52.6	0.000167
52.61	0.000176
52.62	0.000181
52.63	0.00018
52.64	0.000171
52.65	0.000156
52.66	0.000137
52.67	0.000119
52.68	0.000102
52.69	0.000089
52.7	0.000079
52.71	0.000071
52.72	0.000062
52.73	0.00005
52.74	0.000035
52.75	0.000018
52.76	-0.000001
52.77	-0.000018
52.78	-0.000035
52.79	-0.000049
52.8	-0.00006
52.81	-0.000067
52.82	-0.000072
52.83	-0.000073
52.84	-0.000073
52.85	-0.000071
52.86	-0.00007
52.87	-0.000069
52.88	-0.000069
52.89	-0.00007
52.9	-0.000072
52.91	-0.000075
52.92	-0.000078
52.93	-0.00008
52.94	-0.000082
52.95	-0.000083
52.96	-0.000084
52.97	-0.000084
52.98	-0.000084
52.99	-0.000084
53	-0.000085
53.01	-0.000087
53.02	-0.00009
53.03	-0.000093
53.04	-0.000097
53.05	-0.0001
53.06	-0.000103
53.07	-0.000106
53.08	-0.000108
53.09	-0.000111
53.1	-0.000113
53.11	-0.000115
53.12	-0.000117
53.13	-0.000119
53.14	-0.000122
53.15	-0.000125
53.16	-0.000127
53.17	-0.00013
53.18	-0.000133
53.19	-0.000135
53.2	-0.000137
53.21	-0.00014
53.22	-0.000142
53.23	-0.000143
53.24	-0.000145
53.25	-0.000147
53.26	-0.000148
53.27	-0.00015
53.28	-0.000151
53.29	-0.000153
53.3	-0.000154
53.31	-0.000155
53.32	-0.000157
53.33	-0.000158
53.34	-0.000159
53.35	-0.000161
53.36	-0.000162
53.37	-0.000163
53.38	-0.000164
53.39	-0.000165
53.4	-0.000166
53.41	-0.000166
53.42	-0.000167
53.43	-0.000168
53.44	-0.000169
53.45	-0.00017
53.46	-0.00017
53.47	-0.000171
53.48	-0.000171
53.49	-0.000172
53.5	-0.000173
53.51	-0.000173
53.52	-0.000174
53.53	-0.000174
53.54	-0.000175
53.55	-0.000175
53.56	-0.000175
53.57	-0.000176
53.58	-0.000176
53.59	-0.000176
53.6	-0.000177
53.61	-0.000177
53.62	-0.000177
53.63	-0.000177
53.64	-0.000178
53.65	-0.000178
53.66	-0.000178
53.67	-0.000178
53.68	-0.000179
53.69	-0.000179
53.7	-0.000179
53.71	-0.000179