0.000000
0.000058
0.000231
0.000519
0.000924
0.001443
0.002079
0.002830
0.003698
0.004682
0.005774
0.006970
0.008271
0.009693
0.011276
0.013060
0.015039
0.017157
0.019365
0.021653
0.024000
0.026334
0.028646
0.031081
0.033866
0.037150
0.040871
0.044751
0.048366
0.051319
0.053504
0.055200
0.056823
0.058765
0.061308
0.064335
0.067575
0.070996
0.074600
0.078504
0.083234
0.089666
0.098031
0.107155
0.115628
0.122415
0.126331
0.126951
0.125670
0.124894
0.126555
0.131236
0.138424
0.147258
0.156075
0.162539
0.166097
0.168333
0.170737
0.174491
0.181023
0.191431
0.205857
0.223944
0.245419
0.268444
0.288712
0.301717
0.305088
0.299575
0.288989
0.279272
0.276424
0.283663
0.300763
0.325853
0.356886
0.391707
0.427181
0.459227
0.483860
0.498055
0.501818
0.498872
0.494085
0.492117
0.496829
0.510284
0.532996
0.563925
0.599911
0.636394
0.669352
0.696402
0.716418
0.730208
0.741044
0.752710
0.767955
0.788888
0.817650
0.855691
0.902314
0.954724
1.008947
1.059278
1.099923
1.128250
1.143811
1.148520
1.147993
1.149303
1.159498
1.184324
1.224507
1.275686
1.332024
1.385272
1.426529
1.452322
1.463067
1.460536
1.449870
1.438723
1.433579
1.438076
1.452717
1.475662
1.504836
1.538429
1.575380
1.615424
1.657572
1.700879
1.744704
1.787040
1.825365
1.858513
1.887622
1.915484
1.944792
1.977723
2.015112
2.055904
2.098325
2.140021
2.178133
2.210099
2.234112
2.250041
2.259771
2.266596
2.274635
2.287227
2.306025
2.331612
2.363815
2.402285
2.447078
2.498040
2.553958
2.613059
2.673236
2.731173
2.783087
2.826912
2.863060
2.893730
2.921844
2.949715
2.977952
3.005146
3.028954
3.047686
3.060488
3.068105
3.073780
3.081390
3.091041
3.097458
3.093768
3.074697
3.038367
2.986464
2.923016
2.855450
2.791922
2.736311
2.690216
2.655053
2.630147
2.613367
2.603932
2.602826
2.611842
2.634070
2.673650
2.734179
2.817405
2.922228
3.043163
3.171100
3.297601
3.415764
3.519447
3.606292
3.677751
3.735597
3.781463
3.817018
3.842989
3.858893
3.863521
3.856410
3.838927
3.813115
3.779697
3.738907
3.693057
3.645395
3.598144
3.553404
3.513043
3.477405
3.445226
3.413441
3.377295
3.333210
3.281891
3.227405
3.172992
3.117469
3.055893
2.983832
2.899319
2.802069
2.692922
2.572378
2.439218
2.290556
2.122891
1.935070
1.729202
1.506595
1.265839
1.005019
0.722868
0.419019
0.094710
-0.247494
-0.604526
-0.973078
-1.349547
-1.729850
-2.109432
-2.483302
-2.846004
-3.192216
-3.517690
-3.820270
-4.100541
-4.359969
-4.598062
-4.812181
-4.999192
-5.156008
-5.280918
-5.375358
-5.442209
-5.482656
-5.494308
-5.474254
-5.425251
-5.354709
-5.267281
-5.163671
-5.047546
-4.925624
-4.800908
-4.672449
-4.538902
-4.399502
-4.253684
-4.101008
-3.939431
-3.764886
-3.576856
-3.382162
-3.188106
-2.990670
-2.779808
-2.556197
-2.324730
-2.079822
-1.813741
-1.528436
-1.230918
-0.926093
-0.614872
-0.293752
0.041418
0.391570
0.755096
1.130877
1.519931
1.924240
2.345143
2.783330
3.240944
3.721772
4.226802
4.752214
5.293262
5.846327
6.407589
6.973218
7.539671
8.102568
8.656904
9.196071
9.709377
10.183440
10.609120
10.987900
11.327020
11.631580
11.903050
12.139840
12.339800
12.502190
12.627960
12.718830
12.774530
12.790920
12.761410
12.685000
12.569840
12.424680
12.256920
12.075550
11.886760
11.694120
11.503380
11.320480
11.148580
10.988010
10.837990
10.700190
10.578190
10.473060
10.379600
10.287340
10.185470
10.063970
9.911677
9.718100
9.479083
9.197477
8.876027
8.515283
8.119257
7.696340
7.256211
6.810426
6.368942
5.936790
5.516738
5.108811
4.712049
4.328971
3.962321
3.609367
3.263848
2.920771
2.576604
2.229394
1.879686
1.528832
1.178724
0.833079
0.495835
0.168339
-0.150167
-0.459302
-0.757809
-1.045855
-1.324180
-1.592992
-1.852200
-2.101678
-2.341655
-2.572343
-2.793002
-3.002353
-3.199288
-3.382809
-3.552894
-3.710591
-3.855649
-3.985872
-4.098707
-4.191387
-4.260905
-4.305441
-4.325809
-4.325487
-4.309954
-4.285851
-4.259773
-4.237770
-4.224639
-4.223957
-4.239322
-4.273444
-4.327503
-4.402870
-4.501615
-4.625465
-4.773884
-4.943181
-5.126869
-5.315612
-5.501695
-5.681987
-5.854353
-6.017803
-6.174419
-6.327614
-6.480439
-6.634130
-6.786439
-6.932868
-7.068796
-7.188769
-7.286899
-7.361282
-7.413941
-7.443710
-7.446689
-7.423169
-7.377611
-7.315159
-7.240498
-7.158301
-7.074767
-6.995376
-6.920606
-6.848957
-6.781588
-6.720487
-6.664729
-6.610800
-6.556278
-6.501451
-6.447625
-6.396284
-6.350567
-6.319098
-6.310603
-6.320091
-6.335111
-6.349582
-6.361848
-6.371990
-6.383860
-6.403700
-6.435892
-6.481386
-6.537929
-6.599530
-6.657744
-6.705716
-6.741225
-6.765298
-6.778607
-6.781144
-6.774678
-6.765332
-6.760772
-6.760845
-6.759705
-6.757182
-6.757683
-6.760300
-6.757074
-6.738906
-6.699306
-6.639280
-6.566721
-6.488690
-6.410757
-6.336759
-6.266176
-6.196793
-6.128598
-6.064027
-6.007227
-5.963902
-5.939067
-5.935083
-5.956695
-6.017133
-6.132424
-6.303973
-6.514018
-6.739246
-6.952453
-7.124408
-7.241487
-7.309552
-7.336070
-7.322699
-7.273520
-7.198168
-7.109904
-7.019646
-6.930699
-6.842496
-6.760752
-6.699885
-6.672247
-6.675661
-6.691896
-6.698858
-6.686850
-6.663547
-6.639232
-6.619345
-6.609253
-6.610491
-6.620911
-6.640599
-6.672284
-6.719264
-6.781571
-6.854391
-6.933246
-7.017030
-7.106316
-7.201112
-7.300124
-7.402265
-7.506882
-7.612371
-7.715859
-7.814050
-7.904248
-7.984456
-8.052185
-8.104391
-8.143136
-8.178359
-8.220294
-8.274941
-8.344987
-8.430466
-8.529179
-8.635971
-8.743848
-8.845917
-8.938706
-9.024379
-9.106397
-9.184920
-9.256816
-9.318638
-9.367571
-9.400134
-9.413081
-9.404653
-9.374601
-9.323668
-9.252658
-9.162493
-9.054979
-8.932802
-8.798973
-8.653607
-8.491801
-8.308206
-8.098973
-7.859057
-7.582696
-7.264489
-6.900744
-6.493106
-6.048561
-5.577775
-5.093975
-4.608084
-4.125969
-3.653514
-3.202690
-2.788257
-2.423346
-2.119540
-1.880789
-1.702440
-1.578908
-1.502771
-1.463903
-1.454329
-1.468052
-1.499577
-1.550272
-1.632002
-1.760043
-1.943278
-2.175583
-2.443108
-2.736281
-3.044922
-3.356074
-3.660223
-3.952544
-4.228517
-4.477442
-4.680124
-4.820023
-4.897309
-4.919885
-4.888377
-4.804187
-4.677893
-4.520120
-4.334329
-4.124276
-3.904978
-3.698259
-3.511070
-3.328906
-3.137669
-2.933818
-2.720589
-2.509656
-2.317986
-2.161480
-2.047965
-1.974876
-1.934714
-1.916149
-1.904280
-1.886782
-1.855374
-1.804944
-1.737412
-1.658990
-1.572016
-1.474140
-1.363289
-1.243116
-1.122199
-1.007447
-0.905012
-0.824959
-0.776376
-0.756509
-0.749765
-0.741196
-0.724824
-0.699907
-0.667745
-0.629265
-0.583349
-0.528363
-0.463077
-0.387438
-0.303745
-0.214642
-0.120650
-0.022207
0.077453
0.173358
0.260686
0.334421
0.388153
0.413202
0.400600
0.352758
0.288720
0.229697
0.190413
0.175634
0.181840
0.212285
0.276182
0.375610
0.501759
0.639344
0.773788
0.897109
1.008785
1.106585
1.180303
1.216977
1.214084
1.184035
1.144657
1.111843
1.086298
1.058366
1.032200
1.017455
1.014543
1.022228
1.041283
1.072968
1.117983
1.174285
1.239595
1.313540
1.394411
1.478651
1.563202
1.646499
1.729923
1.817448
1.912528
2.013646
2.113676
2.206538
2.289203
2.358889
2.415417
2.459850
2.487844
2.495245
2.487747
2.472894
2.449338
2.415297
2.379737
2.356355
2.354875
2.376537
2.415214
2.467429
2.531767
2.603572
2.679952
2.759943
2.840724
2.921774
3.007543
3.103826
3.212715
3.327610
3.437521
3.535983
3.617680
3.674180
3.699741
3.693585
3.656259
3.587995
3.490708
3.370063
3.230824
3.071198
2.885065
2.671077
2.436838
2.191561
1.942865
1.697665
1.459330
1.230083
1.015319
0.822357
0.653625
0.503497
0.365083
0.234310
0.113391
0.012311
-0.064047
-0.122313
-0.170232
-0.210374
-0.242479
-0.265168
-0.277004
-0.281674
-0.286374
-0.287279
-0.269441
-0.223150
-0.146628
-0.041108
0.088228
0.234281
0.390562
0.550539
0.709575
0.867515
1.026794
1.185370
1.334429
1.466452
1.581641
1.688126
1.795291
1.902071
1.995562
2.050513
2.027906
1.907749
1.706554
1.442295
1.125060
0.768066
0.379644
-0.031008
-0.446436
-0.850582
-1.230463
-1.569520
-1.845682
-2.044693
-2.172410
-2.240334
-2.255153
-2.222000
-2.143171
-2.018524
-1.846134
-1.621997
-1.339989
-0.993385
-0.582996
-0.121695
0.375126
0.900035
1.449981
2.016988
2.585984
3.139857
3.668400
4.173875
4.664838
5.148338
5.624726
6.080762
6.494412
6.852963
7.165362
7.450103
7.720313
7.981401
8.221313
8.413308
8.531637
8.552610
8.467462
8.294616
8.056877
7.772419
7.467975
7.166523
6.867981
6.563539
6.254530
5.944971
5.635948
5.329194
5.027119
4.732488
4.449595
4.186078
3.954045
3.768014
3.635860
3.553539
3.513115
3.506663
3.523302
3.552005
3.581540
3.596975
3.582596
3.529697
3.444083
3.341200
3.236559
3.143547
3.068053
3.007161
2.954897
2.904329
2.848842
2.782817
2.699727
2.592457
2.455438
2.282561
2.068864
1.822663
1.565630
1.320350
1.105456
0.924936
0.766479
0.620231
0.484226
0.361001
0.256788
0.177376
0.126610
0.106577
0.116686
0.155106
0.221085
0.315172
0.438492
0.591871
0.775191
0.986282
1.218481
1.460806
1.700842
1.924449
2.113755
2.256738
2.356949
2.421872
2.455577
2.466822
2.469450
2.471885
2.472519
2.470806
2.472596
2.482337
2.501986
2.534007
2.580231
2.640974
2.714139
2.793740
2.870997
2.937212
2.984204
3.003438
2.987049
2.930567
2.836925
2.718053
2.590723
2.469881
2.362746
2.269937
2.193097
2.134383
2.091179
2.058086
2.030264
2.002575
1.969640
1.927491
1.873356
1.806926
1.731863
1.652846
1.574262
1.501814
1.441485
1.397753
1.372908
1.366796
1.378037
1.404146
1.440637
1.482546
1.525339
1.565253
1.601246
1.634526
1.666024
1.696034
1.724549
1.751200
1.775308
1.795307
1.808126
1.810431
1.800804
1.779485
1.747353
1.707009
1.663378
1.622810
1.592254
1.578122
1.584859
1.613641
1.663113
1.731928
1.818823
1.921529
2.036301
2.157237
2.277583
2.391943
2.495447
2.582409
2.647632
2.689033
2.709535
2.714770
2.711614
2.709315
2.711238
2.710875
2.703128
2.687263
2.662747
2.630216
2.589913
2.540306
2.480610
2.413134
2.344017
2.280039
2.224682
2.178124
2.138852
2.105197
2.076123
2.050880
2.029103
2.011327
1.998683
1.992580
1.995079
2.008819
2.035849
2.077390
2.134378
2.205919
2.288668
2.378757
2.472227
2.565263
2.655546
2.741775
2.822386
2.895686
2.959266
3.009340
3.042171
3.054707
3.044468
3.010065
2.950663
2.867551
2.766729
2.658272
2.552562
2.454007
2.360809
2.270757
2.183172
2.098560
2.018406
1.944744
1.879249
1.821393
1.768508
1.717714
1.668070
1.621739
1.582265
1.551493
1.527481
1.506399
1.485975
1.464910
1.441562
1.414148
1.380453
1.337342
1.280010
1.202619
1.105112
0.997178
0.890735
0.793032
0.704903
0.624054
0.551788
0.491735
0.444778
0.410125
0.388340
0.381226
0.389666
0.412694
0.448707
0.495234
0.548171
0.603908
0.660701
0.718039
0.776070
0.834550
0.892819
0.950881
1.009051
1.066911
1.123534
1.178401
1.231572
1.282845
1.331068
1.374581
1.411508
1.439727
1.457347
1.462897
1.455686
1.437330
1.411767
1.383227
1.354750
1.327762
1.302993
1.281724
1.265915
1.257340
1.256623
1.263214
1.276032
1.294200
1.317815
1.347661
1.383909
1.425560
1.470952
1.518731
1.568250
1.618967
1.669751
1.718677
1.763698
1.803897
1.839331
1.869775
1.894319
1.911598
1.920050
1.918907
1.909557
1.894980
1.877926
1.860342
1.843854
1.830452
1.822868
1.824172
1.836904
1.862372
1.900449
1.949764
2.007935
2.071212
2.135542
2.198696
2.260009
2.319380
2.376931
2.432323
2.484773
2.533653
2.578670
2.619896
2.657607
2.692001
2.722997
2.749876
2.771271
2.785454
2.791494
2.790908
2.787658
2.785765
2.786871
2.791061
2.798480
2.809420
2.824026
2.841883
2.861917
2.882653
2.903075
2.923321
2.943731
2.963887
2.983044
3.000529
3.015726
3.027989
3.036582
3.040852
3.040173
3.034118
3.023080
3.008284
2.991607
2.975165
2.960461
2.948622
2.940648
2.936741
2.936312
2.938339
2.941210
2.942999
2.942663
2.940610
2.937611
2.933761
2.928774
2.922294
2.913643
2.901775
2.885491
2.863700
2.835539
2.800473
2.758918
2.712301
2.662291
2.610442
2.557352
2.502344
2.445004
2.385773
2.325326
2.264534
2.204511
2.146317
2.090766
2.038402
1.989433
1.943448
1.899339
1.855880
1.812232
1.768114
1.724113
1.681189
1.639445
1.598294
1.557491
1.516813
1.475634
1.433273
1.388872
1.341327
1.289954
1.234933
1.176933
1.116795
1.055645
0.994673
0.934507
0.874710
0.813733
0.749371
0.679561
0.603111
0.519500
0.428047
0.328479
0.222307
0.112353
0.000484
-0.113502
-0.230152
-0.348631
-0.467212
-0.584042
-0.697719
-0.808059
-0.915333
-1.019058
-1.118214
-1.211526
-1.297765
-1.376447
-1.447923
-1.513285
-1.574771
-1.635399
-1.697396
-1.761945
-1.829937
-1.901835
-1.977512
-2.056455
-2.137891
-2.220885
-2.304893
-2.390031
-2.475984
-2.561347
-2.644430
-2.724176
-2.800455
-2.873499
-2.943131
-3.009031
-3.071534
-3.131632
-3.190232
-3.247559
-3.303036
-3.355832
-3.405778
-3.453846
-3.501643
-3.550603
-3.601660
-3.655046
-3.710155
-3.765675
-3.819735
-3.870550
-3.917283
-3.959802
-3.998301
-4.033381
-4.065971
-4.097132
-4.127780
-4.157946
-4.186002
-4.210048
-4.229874
-4.246086
-4.258990
-4.269280
-4.278288
-4.287278
-4.297162
-4.308025
-4.318533
-4.326938
-4.332285
-4.334505
-4.334232
-4.332471
-4.330379
-4.329009
-4.328730
-4.328949
-4.328485
-4.326049
-4.320454
-4.310712
-4.296039
-4.275945
-4.250458
-4.220230
-4.186337
-4.149714
-4.110991
-4.070984
-4.030565
-3.990323
-3.950807
-3.912345
-3.874732
-3.837656
-3.800959
-3.764641
-3.729105
-3.694921
-3.662129
-3.630200
-3.598730
-3.568003
-3.538912
-3.511826
-3.485753
-3.459124
-3.431074
-3.401474
-3.369757
-3.334886
-3.296683
-3.256224
-3.215123
-3.174937
-3.136457
-3.099464
-3.063711
-3.029458
-2.996764
-2.965101
-2.933988
-2.903585
-2.874354
-2.846499
-2.820113
-2.795405
-2.772610
-2.751975
-2.733765
-2.717990
-2.704099
-2.690907
-2.677025
-2.661750
-2.644912
-2.625997
-2.604382
-2.579695
-2.551948
-2.521780
-2.489975
-2.456969
-2.423057
-2.388730
-2.354898
-2.322790
-2.293553
-2.267989
-2.246402
-2.227975
-2.210987
-2.194623
-2.179464
-2.166148
-2.154741
-2.145069
-2.137176
-2.131157
-2.126578
-2.122572
-2.118276
-2.113071
-2.106727
-2.099218
-2.090469
-2.080703
-2.070608
-2.060784
-2.051199
-2.041289
-2.030852
-2.020315
-2.010131
-2.000709
-1.992271
-1.984381
-1.976442
-1.968123
-1.958840
-1.947733
-1.934392
-1.919477
-1.904644
-1.891542
-1.881042
-1.873051
-1.866800
-1.861860
-1.858221
-1.855616
-1.853718
-1.852463
-1.851772
-1.851280
-1.850461
-1.848640
-1.845032
-1.839373
-1.832143
-1.823816
-1.814617
-1.804855
-1.794852
-1.784811
-1.774795
-1.764673
-1.754247
-1.743506
-1.732742
-1.722549
-1.713892
-1.707728
-1.704407
-1.703766
-1.705605
-1.710136
-1.717912
-1.729316
-1.744090
-1.761154
-1.779196
-1.797331
-1.815276
-1.832816
-1.849000
-1.862833
-1.874236
-1.883595
-1.891449
-1.898291
-1.904120
-1.909061
-1.913915
-1.919387
-1.925843
-1.933742
-1.943467
-1.955028
-1.968324
-1.983492
-2.000777
-2.020256
-2.041682
-2.064550
-2.088390
-2.112829
-2.137620
-2.162691
-2.187841
-2.212672
-2.236872
-2.260264
-2.282705
-2.304121
-2.324591
-2.344226
-2.363103
-2.381306
-2.398771
-2.415296
-2.431063
-2.446695
-2.462651
-2.479203
-2.496723
-2.515434
-2.534970
-2.554555
-2.573483
-2.591269
-2.607839
-2.623270
-2.637163
-2.649004
-2.658754
-2.666396
-2.671718
-2.675242
-2.678372
-2.682376
-2.688010
-2.695344
-2.703245
-2.710164
-2.715050
-2.717524
-2.717925
-2.716909
-2.715233
-2.713781
-2.713412
-2.714597
-2.717106
-2.720416
-2.723941
-2.726731
-2.727836
-2.726954
-2.724226
-2.719542
-2.712581
-2.703513
-2.693090
-2.682204
-2.671552
-2.661419
-2.651652
-2.641898
-2.631634
-2.620099
-2.606598
-2.590950
-2.573513
-2.554743
-2.535010
-2.514808
-2.494532
-2.473968
-2.452542
-2.429868
-2.405886
-2.380906
-2.355177
-2.328464
-2.300487
-2.271351
-2.241459
-2.211441
-2.182036
-2.153885
-2.127563
-2.103510
-2.081761
-2.061875
-2.042770
-2.023104
-2.002531
-1.981614
-1.960876
-1.940532
-1.920421
-1.900218
-1.879707
-1.858677
-1.837108
-1.815415
-1.794210
-1.774101
-1.755699
-1.739502
-1.725631
-1.713640
-1.702580
-1.691074
-1.677914
-1.662568
-1.644683
-1.624074
-1.601114
-1.576570
-1.551656
-1.527667
-1.504959
-1.483332
-1.462742
-1.442850
-1.422827
-1.401893
-1.379991
-1.357603
-1.334999
-1.312330
-1.289908
-1.268273
-1.248200
-1.230325
-1.214767
-1.201119
-1.188648
-1.176428
-1.163511
-1.149245
-1.133377
-1.115990
-1.097421
-1.078113
-1.058545
-1.038997
-1.019299
-0.999121
-0.978209
-0.956422
-0.933881
-0.910867
-0.887808
-0.865316
-0.843778
-0.823108
-0.803010
-0.783345
-0.764114
-0.745091
-0.725863
-0.706221
-0.686180
-0.665858
-0.645415
-0.624791
-0.603581
-0.581299
-0.557552
-0.532061
-0.504729
-0.475655
-0.445089
-0.413323
-0.380645
-0.347342
-0.313489
-0.278832
-0.243128
-0.206364
-0.168621
-0.129907
-0.090021
-0.048683
-0.005919
0.037813
0.081805
0.125144
0.166983
0.206812
0.244397
0.279824
0.313501
0.345958
0.377800
0.409518
0.441191
0.472615
0.503494
0.533463
0.562321
0.590153
0.616981
0.642582
0.666860
0.690101
0.712700
0.734790
0.756287
0.777254
0.798078
0.819047
0.839777
0.859455
0.877766
0.895045
0.911658
0.927904
0.944276
0.961370
0.979381
0.997704
1.015213
1.030682
1.043091
1.051915
1.057190
1.059378
1.059413
1.058720
1.058538
1.059341
1.061181
1.064043
1.067814
1.071963
1.075418
1.077294
1.077857
1.078154
1.078835
1.079954
1.081348
1.083049
1.085300
1.088000
1.090588
1.092181
1.091958
1.089901
1.086362
1.081163
1.073893
1.064824
1.055095
1.045755
1.037127
1.029231
1.022210
1.015942
1.009527
1.001696
0.991773
0.980136
0.967563
0.954582
0.941733
0.929556
0.918320
0.907992
0.898335
0.889154
0.880260
0.871277
0.861720
0.851151
0.839374
0.826757
0.814047
0.801520
0.788616
0.774383
0.758396
0.741236
0.723789
0.706629
0.690217
0.674980
0.661167
0.648665
0.636911
0.625059
0.612219
0.597981
0.582875
0.567940
0.553918
0.541175
0.529880
0.519786
0.510118
0.499929
0.488356
0.474671
0.458474
0.440057
0.420172
0.399285
0.377475
0.355000
0.332530
0.310815
0.290400
0.271410
0.253398
0.235749
0.218211
0.201041
0.184837
0.170292
0.158013
0.148180
0.140409
0.133938
0.127467
0.119705
0.110227
0.098842
0.085192
0.069222
0.051329
0.032322
0.012993
-0.006633
-0.026980
-0.047887
-0.068643
-0.088615
-0.107256
-0.124120
-0.138915
-0.151434
-0.161794
-0.170634
-0.178903
-0.187280
-0.195676
-0.203382
-0.209571
-0.213730
-0.215730
-0.215624
-0.213397
-0.208835
-0.201845
-0.192601
-0.181253
-0.167837
-0.152381
-0.134963
-0.115985
-0.096387
-0.077247
-0.059236
-0.042696
-0.027890
-0.014925
-0.003726
0.005784
0.013634
0.020048
0.025512
0.030586
0.035890
0.041949
0.048813
0.056233
0.064071
0.072306
0.080898
0.089698
0.098702
0.108338
0.119360
0.132796
0.149606
0.170221
0.194549
0.222096
0.251968
0.282843
0.313202
0.342079
0.369642
0.396307
0.421799
0.445769
0.468396
0.489996
0.510567
0.530077
0.549234
0.569325
0.591530
0.616781
0.645204
0.676065
0.708615
0.742057
0.775442
0.808042
0.839191
0.868170
0.894416
0.917767
0.938737
0.958660
0.979382
1.002136
1.027310
1.055109
1.085420
1.117679
1.151186
1.185343
1.219772
1.254445
1.289657
1.325543
1.361794
1.397933
1.433510
1.468233
1.502275
1.536173
1.570409
1.605224
1.640352
1.675115
1.708957
1.741414
1.771956
1.800272
1.826501
1.851182
1.875163
1.899289
1.924063
1.949672
1.976066
2.002917
2.029591
2.055336
2.079671
2.102685
2.124862
2.146687
2.168458
2.190180
2.211636
2.232491
2.252240
2.270311
2.286532
2.301268
2.315120
2.328712
2.342149
2.354953
2.366871
2.378025
2.388612
2.398855
2.409050
2.419597
2.430923
2.443176
2.456050
2.468960
2.481250
2.492299
2.501751
2.509594
2.515862
2.520533
2.523626
2.525121
2.524907
2.522778
2.518649
2.512848
2.505972
2.498598
2.491165
2.484022
2.477462
2.471805
2.467618
2.465554
2.465801
2.467727
2.470235
2.472323
2.473504
2.473795
2.473027
2.470767
2.466636
2.460339
2.452022
2.442241
2.431334
2.419285
2.406226
2.392857
2.380119
2.368474
2.357705
2.347247
2.336920
2.327507
2.320008
2.314719
2.311446
2.310114
2.310985
2.314458
2.320861
2.330395
2.342904
2.357850
2.374272
2.390685
2.406002
2.420038
2.432782
2.444033
2.453524
2.461214
2.467441
2.472488
2.476191
2.478305
2.479165
2.479562
2.480259
2.481905
2.484973
2.489706
2.496149
2.504154
2.513495
2.524040
2.535921
2.549462
2.564832
2.581850
2.600049
2.618824
2.637403
2.654819
2.670290
2.683689
2.695485
2.706381
2.716992
2.727500
2.737776
2.747953
2.758246
2.768507
2.778323
2.787363
2.795680
2.803478
2.810584
2.816469
2.820436
2.821927
2.821098
2.818679
2.815471
2.812299
2.809941
2.808982
2.809812
2.812515
2.816694
2.821598
2.826443
2.830856
2.835051
2.839146
2.842886
2.846175
2.849233
2.852274
2.855307
2.858254
2.861170
2.864104
2.866792
2.868778
2.869702
2.869336
2.867523
2.864245
2.859674
2.854092
2.847819
2.840973
2.833414
2.825088
2.816119
2.806632
2.796603
2.785821
2.774151
2.761672
2.748536
2.734959
2.721314
2.708062
2.695588
2.684064
2.673382
2.663233
2.653194
2.642699
2.631245
2.618803
2.605642
2.591907
2.577740
2.563329
2.548669
2.533648
2.518344
2.503050
2.488051
2.473523
2.459429
2.445462
2.431102
2.415527
2.397818
2.377636
2.355508
2.332892
2.311988
2.294251
2.279912
2.269123
2.262005
2.258097
2.256321
2.255154
2.253326
2.250743
2.248026
2.245420
2.242705
2.239536
2.235629
2.230917
2.225748
2.220942
2.217546
2.216259
2.216993
2.219215
2.222365
2.225722
2.228602
2.231039
2.233695
2.237145
2.241797
2.248080
2.256183
2.265722
2.275863
2.285821
2.295068
2.303133
2.309531
2.313873
2.316116
2.316661
2.316018
2.314691
2.313235
2.311887
2.310651
2.309857
2.309974
2.311268
2.313930
2.318151
2.324179
2.332147
2.341828
2.352880
2.364969
2.377490
2.389654
2.400725
2.409910
2.416464
2.419941
2.420228
2.417530
2.412439
2.405927
2.398954
2.392151
2.385951
2.380497
2.375472
2.370354
2.364789
2.358890
2.353187
2.348081
2.343578
2.339613
2.336341
2.333962
2.332384
2.331359
2.330682
2.330196
2.329906
2.329955
2.330402
2.331219
2.332337
2.333492
2.334059
2.333226
2.330269
2.324611
2.315861
2.304013
2.289745
2.274351
2.258950
2.243785
2.228563
2.213203
2.197806
2.182127
2.165613
2.147894
2.129134
2.109952
2.091014
2.072858
2.055820
2.039974
2.025243
2.011634
1.999186
1.987499
1.975828
1.963539
1.950298
1.936155
1.921188
1.905253
1.888142
1.869604
1.849363
1.827217
1.803244
1.777918
1.751664
1.724456
1.696149
1.666684
1.635894
1.603684
1.570345
1.536520
1.503010
1.470568
1.439744
1.410917
1.384343
1.360014
1.337497
1.315995
1.294772
1.273668
1.252925
1.232459
1.211796
1.190580
1.168761
1.146435
1.123628
1.100256
1.076199
1.051228
1.024931
0.996849
0.966626
0.934145
0.899557
0.863123
0.825179
0.786158
0.746482
0.706481
0.666473
0.626938
0.588474
0.551655
0.516977
0.484681
0.454709
0.426905
0.401045
0.376845
0.353975
0.332154
0.311294
0.291267
0.271817
0.252725
0.233769
0.214717
0.195423
0.175923
0.156409
0.137110
0.118190
0.099647
0.081339
0.063132
0.044941
0.026810
0.008928
-0.008521
-0.025481
-0.042183
-0.059066
-0.076512
-0.094658
-0.113325
-0.132195
-0.150960
-0.169283
-0.186845
-0.203437
-0.218998
-0.233438
-0.246702
-0.259053
-0.270802
-0.282011
-0.292672
-0.302915
-0.312961
-0.322885
-0.332553
-0.341857
-0.350920
-0.360012
-0.369329
-0.378926
-0.388770
-0.398840
-0.409177
-0.419866
-0.431024
-0.442797
-0.455352
-0.468800
-0.483005
-0.497605
-0.512239
-0.526564
-0.540248
-0.553064
-0.564926
-0.575915
-0.586208
-0.595931
-0.605020
-0.613285
-0.620668
-0.627241
-0.633016
-0.637893
-0.641744
-0.644468
-0.646148
-0.647158
-0.647837
-0.648344
-0.648876
-0.649698
-0.651028
-0.653018
-0.655680
-0.658842
-0.662314
-0.666074
-0.670223
-0.674708
-0.679280
-0.683741
-0.687951
-0.691812
-0.695537
-0.699639
-0.704563
-0.710550
-0.717497
-0.724796
-0.731621
-0.737236
-0.741019
-0.742573
-0.742070
-0.740296
-0.738335
-0.737307
-0.737909
-0.740068
-0.743434
-0.747680
-0.752365
-0.757092
-0.761682
-0.766397
-0.771696
-0.777548
-0.783550
-0.789631
-0.796124
-0.803251
-0.810773
-0.818237
-0.825349
-0.832061
-0.838466
-0.844414
-0.849554
-0.853661
-0.856670
-0.858668
-0.859819
-0.860366
-0.860690
-0.861302
-0.862785
-0.865525
-0.869569
-0.874749
-0.880814
-0.887444
-0.894352
-0.901459
-0.908853
-0.916701
-0.925324
-0.935136
-0.946396
-0.958949
-0.972310
-0.985944
-0.999374
-1.012306
-1.024591
-1.036180
-1.047232
-1.058053
-1.069010
-1.080203
-1.091309
-1.102025
-1.112179
-1.121511
-1.129845
-1.137334
-1.144367
-1.151402
-1.158994
-1.167731
-1.178090
-1.190475
-1.205157
-1.222020
-1.240570
-1.260054
-1.279755
-1.299334
-1.318602
-1.337328
-1.355405
-1.372893
-1.390010
-1.406843
-1.423130
-1.438610
-1.453427
-1.468010
-1.482735
-1.497759
-1.513055
-1.528601
-1.544426
-1.560541
-1.577022
-1.594050
-1.611826
-1.630610
-1.650710
-1.672094
-1.694294
-1.716744
-1.738927
-1.760545
-1.781772
-1.802926
-1.824000
-1.844859
-1.865590
-1.886332
-1.906981
-1.927285
-1.946994
-1.965865
-1.983741
-2.000627
-2.016670
-2.032072
-2.047068
-2.061922
-2.076761
-2.091467
-2.105914
-2.120107
-2.134039
-2.147622
-2.160788
-2.173506
-2.185727
-2.197414
-2.208550
-2.219160
-2.229383
-2.239452
-2.249606
-2.259936
-2.270203
-2.280038
-2.289208
-2.297532
-2.304902
-2.311517
-2.317836
-2.324232
-2.330700
-2.336983
-2.342939
-2.348510
-2.353566
-2.358014
-2.361913
-2.365433
-2.368748
-2.372069
-2.375624
-2.379419
-2.383208
-2.386878
-2.390562
-2.394321
-2.398055
-2.401628
-2.404970
-2.408170
-2.411455
-2.414962
-2.418630
-2.422308
-2.425866
-2.429239
-2.432444
-2.435605
-2.438832
-2.442141
-2.445426
-2.448494
-2.451155
-2.453210
-2.454484
-2.454956
-2.454712
-2.453767
-2.452146
-2.450101
-2.448056
-2.446426
-2.445610
-2.445951
-2.447523
-2.450093
-2.453390
-2.457106
-2.460797
-2.464128
-2.466871
-2.468723
-2.469497
-2.469337
-2.468492
-2.467100
-2.465271
-2.463146
-2.460813
-2.458212
-2.455133
-2.451307
-2.446468
-2.440482
-2.433459
-2.425682
-2.417554
-2.409610
-2.402399
-2.396333
-2.391527
-2.387714
-2.384488
-2.381552
-2.378802
-2.376408
-2.374625
-2.373531
-2.373073
-2.373188
-2.373758
-2.374585
-2.375449
-2.376148
-2.376611
-2.376859
-2.376768
-2.376054
-2.374447
-2.371763
-2.368166
-2.364111
-2.359747
-2.354931
-2.349622
-2.343860
-2.337736
-2.331479
-2.325452
-2.320048
-2.315598
-2.312166
-2.309387
-2.306806
-2.304169
-2.301416
-2.298668
-2.296059
-2.293679
-2.291688
-2.290317
-2.289753
-2.289977
-2.290825
-2.292189
-2.294005
-2.296184
-2.298599
-2.301062
-2.303365
-2.305316
-2.306786
-2.307778
-2.308308
-2.308299
-2.307712
-2.306618
-2.305058
-2.302969
-2.300285
-2.297005
-2.293165
-2.288844
-2.284212
-2.279605
-2.275467
-2.272203
-2.270210
-2.269766
-2.270700
-2.272569
-2.275086
-2.278149
-2.281766
-2.285855
-2.290107
-2.294221
-2.297936
-2.300939
-2.303026
-2.304218
-2.304634
-2.304405
-2.303662
-2.302581
-2.301426
-2.300506
-2.300138
-2.300605
-2.301960
-2.304063
-2.306818
-2.310172
-2.314032
-2.318268
-2.322627
-2.326755
-2.330346
-2.333306
-2.335827
-2.338213
-2.340525
-2.342482
-2.343847
-2.344564
-2.344563
-2.343803
-2.342218
-2.339695
-2.336207
-2.331821
-2.326626
-2.320835
-2.314854
-2.309181
-2.304280
-2.300357
-2.297238
-2.294658
-2.292385
-2.290140
-2.287755
-2.285254
-2.282674
-2.280058
-2.277533
-2.275224
-2.273045
-2.270660
-2.267812
-2.264399
-2.260315
-2.255440
-2.249648
-2.242930
-2.235544
-2.227828
-2.219964
-2.211982
-2.203901
-2.195873
-2.187994
-2.180165
-2.172365
-2.164757
-2.157433
-2.150181
-2.142562
-2.134157
-2.124747
-2.114481
-2.103763
-2.092955
-2.082411
-2.072395
-2.062787
-2.053317
-2.043923
-2.034711
-2.025785
-2.017013
-2.007993
-1.998245
-1.987358
-1.975125
-1.961583
-1.946968
-1.931579
-1.915740
-1.899783
-1.883910
-1.868315
-1.853422
-1.839774
-1.827707
-1.817028
-1.807293
-1.798173
-1.789406
-1.780950
-1.772851
-1.764854
-1.756623
-1.748055
-1.739346
-1.730686
-1.721851
-1.712481
-1.702392
-1.691443
-1.679514
-1.666726
-1.653444
-1.639992
-1.626561
-1.613216
-1.599948
-1.586829
-1.573959
-1.561305
-1.548834
-1.536656
-1.524890
-1.513568
-1.502691
-1.492227
-1.482115
-1.472278
-1.462617
-1.452998
-1.443268
-1.433349
-1.423241
-1.412902
-1.402219
-1.391074
-1.379381
-1.367142
-1.354476
-1.341592
-1.328694
-1.315908
-1.303354
-1.291133
-1.279284
-1.267865
-1.256969
-1.246645
-1.236858
-1.227550
-1.218678
-1.210188
-1.202009
-1.194060
-1.186239
-1.178446
-1.170583
-1.162559
-1.154300
-1.145763
-1.136955
-1.127914
-1.118673
-1.109340
-1.100122
-1.091241
-1.082822
-1.074772
-1.066822
-1.058722
-1.050251
-1.041320
-1.032152
-1.023094
-1.014510
-1.006563
-0.999048
-0.991879
-0.985207
-0.978906
-0.972591
-0.965955
-0.958840
-0.951076
-0.942257
-0.932013
-0.920584
-0.908545
-0.896310
-0.884121
-0.871957
-0.859704
-0.847396
-0.834894
-0.821798
-0.807775
-0.792893
-0.777689
-0.762771
-0.748489
-0.734744
-0.721132
-0.707545
-0.694011
-0.680277
-0.666093
-0.651440
-0.636523
-0.621687
-0.607168
-0.592976
-0.579058
-0.565563
-0.552816
-0.541043
-0.530196
-0.519999
-0.510173
-0.500467
-0.490574
-0.480182
-0.469054
-0.457218
-0.444989
-0.432687
-0.420513
-0.408492
-0.396498
-0.384429
-0.372189
-0.359753
-0.347312
-0.334980
-0.322602
-0.310161
-0.297899
-0.286036
-0.274643
-0.263662
-0.253069
-0.243056
-0.233927
-0.225747
-0.218227
-0.211001
-0.203781
-0.196254
-0.188044
-0.178757
-0.168227
-0.156811
-0.145144
-0.133750
-0.123123
-0.113748
-0.105887
-0.099412
-0.093921
-0.088936
-0.084054
-0.079173
-0.074315
-0.069286
-0.063971
-0.058627
-0.053540
-0.048606
-0.043503
-0.038008
-0.031887
-0.024840
-0.016598
-0.007024
0.003908
0.016128
0.029236
0.042590
0.055697
0.068320
0.080498
0.092407
0.104233
0.116214
0.128583
0.141330
0.154219
0.167071
0.179756
0.192166
0.204499
0.217221
0.230685
0.244965
0.259897
0.275226
0.290718
0.306175
0.321487
0.336641
0.351633
0.366441
0.380997
0.395142
0.408617
0.421104
0.432354
0.442443
0.451798
0.460999
0.470703
0.481325
0.492683
0.504220
0.515370
0.525930
0.536323
0.547169
0.558531
0.569745
0.580062
0.589069
0.596762
0.603751
0.610753
0.618104
0.625585
0.632396
0.637768
0.641602
0.644583
0.647445
0.650522
0.653915
0.657321
0.660311
0.662788
0.664834
0.666468
0.667631
0.668179
0.667959
0.666943
0.665260
0.663091
0.660650
0.658221
0.656087
0.654502
0.653498
0.652795
0.652216
0.651767
0.651320
0.650671
0.649626
0.647940
0.645450
0.642325
0.638952
0.635459
0.631786
0.628203
0.625195
0.622839
0.620610
0.617817
0.614183
0.609948
0.605473
0.600883
0.596032
0.590981
0.586315
0.582526
0.579609
0.577312
0.575432
0.573982
0.572981
0.572229
0.571726
0.571829
0.572697
0.573986
0.575177
0.575899
0.575765
0.574338
0.571476
0.567239
0.561594
0.554682
0.546864
0.538334
0.529231
0.519876
0.510359
0.500171
0.488751
0.476321
0.463671
0.451281
0.439318
0.428144
0.417980
0.408237
0.398009
0.386814
0.374397
0.360634
0.345563
0.329304
0.312395
0.295711
0.279889
0.264997
0.250535
0.235760
0.219799
0.202013
0.182691
0.162687
0.142496
0.122182
0.101650
0.080787
0.059767
0.039108
0.019062
-0.000752
-0.020854
-0.041286
-0.061435
-0.080171
-0.096816
-0.112351
-0.128361
-0.145435
-0.163469
-0.181797
-0.199340
-0.215577
-0.230638
-0.244898
-0.258449
-0.270620
-0.280187
-0.285790
-0.286698
-0.283627
-0.277983
-0.270604
-0.261587
-0.250306
-0.236276
-0.220376
-0.203871
-0.187220
-0.170661
-0.154494
-0.138771
-0.123852
-0.110509
-0.098346
-0.085253
-0.069356
-0.049963
-0.026745
-0.000319
0.026677
0.050790
0.069247
0.080433
0.084025
0.079481
0.066621
0.049057
0.032464
0.018468
0.004305
-0.012461
-0.032650
-0.055899
-0.080201
-0.103573
-0.125460
-0.145779
-0.164364
-0.180947
-0.194921
-0.205500
-0.212066
-0.214507
-0.212962
-0.207158
-0.197043
-0.183837
-0.169924
-0.157968
-0.149729
-0.145596
-0.144839
-0.146370
-0.149770
-0.154876
-0.161169
-0.168045
-0.174615
-0.179584
-0.181601
-0.179467
-0.172174
-0.159379
-0.141827
-0.120558
-0.096706
-0.072237
-0.049297
-0.029200
-0.011986
0.003708
0.019810
0.037564
0.057008
0.078044
0.101304
0.127010
0.154305
0.182000
0.208933
0.234313
0.258370
0.282120
0.306459
0.331621
0.357608
0.384928
0.414011
0.444690
0.477022
0.511398
0.547471
0.583910
0.618685
0.649075
0.673017
0.690767
0.705032
0.720295
0.740345
0.765777
0.795305
0.827875
0.862427
0.897664
0.932342
0.965081
0.994144
1.017441
1.033085
1.040549
1.041265
1.038117
1.034141
1.031248
1.030587
1.033906
1.043159
1.058955
1.080171
1.103916
1.126312
1.145177
1.160652
1.173058
1.182484
1.190004
1.197899
1.208619
1.222724
1.238755
1.255356
1.271108
1.283980
1.292575
1.296071
1.293433
1.284322
1.271033
1.258748
1.252302
1.252493
1.257121
1.264965
1.275898
1.288290
1.298721
1.304126
1.304354
1.302154
1.300988
1.303985
1.312933
1.327900
1.347870
1.370620
1.393107
1.412734
1.428439
1.440395
1.448419
1.451595
1.450256
1.446907
1.444232
1.443329
1.444294
1.447646
1.454345
1.465357
1.481191
1.500639
1.521203
1.540839
1.558149
1.572490
1.584252
1.593093
1.597023
1.594436
1.585560
1.571828
1.555328
1.538298
1.522186
1.508451
1.499447
1.496881
1.500652
1.509235
1.520194
1.531418
1.542516
1.554218
1.566983
1.580875
1.595663
1.610537
1.624495
1.636841
1.647103
1.655015
1.660678
1.664344
1.666113
1.665949
1.664142
1.661560
1.659024
1.656587
1.653651
1.649499
1.643620
1.635777
1.626048
1.615012
1.603759
1.593527
1.585237
1.579257
1.575747
1.575112
1.577814
1.583860
1.592478
1.602046
1.610766
1.617661
1.622919
1.627440
1.631906
1.636539
1.641582
1.647338
1.653645
1.659422
1.663400
1.665202
1.665096
1.663504
1.661027
1.658544
1.657060
1.657236
1.659031
1.661776
1.664680
1.667082
1.668321
1.667877
1.665610
1.661824
1.657334
1.653145
1.649750
1.646938
1.644335
1.641921
1.639903
1.638326
1.637192
1.636917
1.638186
1.641350
1.646099
1.651412
1.656000
1.658922
1.659577
1.657537
1.652498
1.644532
1.634341
1.622902
1.611150
1.599710
1.588613
1.577728
1.567208
1.557185
1.547571
1.538269
1.529575
1.522300
1.517190
1.514414
1.513790
1.515081
1.517938
1.521764
1.525805
1.529495
1.532515
1.534684
1.535912
1.536033
1.535009
1.533194
1.531057
1.528887
1.526707
1.524502
1.522526
1.521063
1.520145
1.519702
1.519891
1.521071
1.523442
1.526902
1.531162
1.535950
1.541216
1.547224
1.554308
1.562638
1.572271
1.583077
1.594640
1.606350
1.617616
1.628058
1.637432
1.645651
1.652835
1.659111
1.664577
1.669341
1.673433
1.676846
1.679562
1.681447
1.682278
1.681853
1.680060
1.676914
1.672476
1.666884
1.660546
1.654138
1.648351
1.643640
1.640317
1.638751
1.639177
1.641486
1.645389
1.650555
1.656574
1.662955
1.669137
1.674605
1.679004
1.682151
1.684099
1.685056
1.685231
1.684806
1.683859
1.682287
1.679884
1.676445
1.671917
1.666608
1.661117
1.656216
1.652640
1.650627
1.650049
1.650756
1.652350
1.654057
1.655111
1.655285
1.654700
1.653165
1.650325
1.645998
1.640057
1.632549
1.623742
1.613878
1.603180
1.591903
1.580200
1.568153
1.555872
1.543454
1.530955
1.518373
1.505657
1.492844
1.480098
1.467577
1.455418
1.443788
1.432856
1.422684
1.413105
1.403831
1.394615
1.385302
1.375951
1.366770
1.357926
1.349570
1.341684
1.333925
1.325940
1.317527
1.308471
1.298542
1.287569
1.275402
1.261945
1.247216
1.231266
1.214118
1.195826
1.176528
1.156475
1.135970
1.115326
1.094837
1.074625
1.054705
1.035160
1.016125
0.997721
0.980139
0.963701
0.948737
0.935437
0.923789
0.913690
0.904989
0.897347
0.890351
0.883763
0.877425
0.871057
0.864267
0.856640
0.847889
0.838059
0.827410
0.816202
0.804795
0.793637
0.783092
0.773350
0.764248
0.755356
0.746336
0.737106
0.727727
0.718196
0.708484
0.698712
0.689038
0.679564
0.670313
0.661163
0.651942
0.642509
0.632697
0.622315
0.611182
0.599158
0.586283
0.572796
0.558936
0.544865
0.530626
0.516210
0.501751
0.487422
0.473325
0.459555
0.446185
0.433252
0.420718
0.408479
0.396444
0.384547
0.372718
0.360882
0.348951
0.336857
0.324594
0.312221
0.299786
0.287278
0.274681
0.262092
0.249671
0.237512
0.225652
0.214139
0.203006
0.192245
0.181828
0.171679
0.161658
0.151635
0.141516
0.131300
0.121202
0.111541
0.102544
0.094336
0.086905
0.080137
0.073960
0.068335
0.063214
0.058541
0.054229
0.050148
0.046167
0.042203
0.038287
0.034527
0.031004
0.027749
0.024746
0.021918
0.019140
0.016266
0.013185
0.009881
0.006449
0.002975
-0.000531
-0.004109
-0.007810
-0.011692
-0.015796
-0.020081
-0.024430
-0.028725
-0.032823
-0.036520
-0.039673
-0.042251
-0.044260
-0.045843
-0.047408
-0.049389
-0.052136
-0.056002
-0.061185
-0.067407
-0.074016
-0.080508
-0.086640
-0.092494
-0.098526
-0.105209
-0.112892
-0.121595
-0.130879
-0.140289
-0.149560
-0.158616
-0.167559
-0.176362
-0.184843
-0.193065
-0.201473
-0.210548
-0.220498
-0.231169
-0.242178
-0.253155
-0.263759
-0.273681
-0.282675
-0.290694
-0.298049
-0.305269
-0.312702
-0.320171
-0.327311
-0.334041
-0.340535
-0.347027
-0.353651
-0.360346
-0.366940
-0.373299
-0.379287
-0.384728
-0.389514
-0.393722
-0.397453
-0.400534
-0.402650
-0.403740
-0.404142
-0.404330
-0.404606
-0.405160
-0.406073
-0.407257
-0.408562
-0.409707
-0.410290
-0.409991
-0.408706
-0.406531
-0.403558
-0.399772
-0.395115
-0.389690
-0.383859
-0.378086
-0.372814
-0.368327
-0.364590
-0.361475
-0.358916
-0.356799
-0.355000
-0.353479
-0.352227
-0.351216
-0.350422
-0.349822
-0.349384
-0.349082
-0.348888
-0.348788
-0.348826
-0.349085
-0.349615
-0.350380
-0.351272
-0.352190
-0.353040
-0.353766
-0.354446
-0.355282
-0.356489
-0.358275
-0.360785
-0.363983
-0.367727
-0.371906
-0.376369
-0.380887
-0.385281
-0.389544
-0.393798
-0.398155
-0.402693
-0.407450
-0.412400
-0.417521
-0.422784
-0.428125
-0.433466
-0.438721
-0.443796
-0.448590
-0.452991
-0.456890
-0.460256
-0.463234
-0.466064
-0.468952
-0.472085
-0.475529
-0.479154
-0.482805
-0.486330
-0.489505
-0.492145
-0.494263
-0.496019
-0.497549
-0.498960
-0.500367
-0.501791
-0.503067
-0.503956
-0.504218
-0.503639
-0.502221
-0.500176
-0.497697
-0.494959
-0.492179
-0.489475
-0.486820
-0.484225
-0.481792
-0.479541
-0.477377
-0.475235
-0.473123
-0.470991
-0.468738
-0.466460
-0.464446
-0.462852
-0.461550
-0.460292
-0.458886
-0.457220
-0.455265
-0.452920
-0.449929
-0.446054
-0.441212
-0.435614
-0.429685
-0.423824
-0.418336
-0.413245
-0.408252
-0.403049
-0.397381
-0.391124
-0.384479
-0.377792
-0.371251
-0.364934
-0.358947
-0.353295
-0.347806
-0.342406
-0.337229
-0.332397
-0.327866
-0.323491
-0.319130
-0.314661
-0.309972
-0.305007
-0.299741
-0.294173
-0.288388
-0.282531
-0.276765
-0.271215
-0.265877
-0.260667
-0.255537
-0.250429
-0.245295
-0.240198
-0.235264
-0.230594
-0.226284
-0.222382
-0.218820
-0.215516
-0.212468
-0.209688
-0.207128
-0.204758
-0.202595
-0.200615
-0.198829
-0.197320
-0.196083
-0.195026
-0.194052
-0.193050
-0.191912
-0.190615
-0.189181
-0.187613
-0.185936
-0.184220
-0.182532
-0.180858
-0.179134
-0.177363
-0.175622
-0.173990
-0.172526
-0.171249
-0.170098
-0.168989
-0.167859
-0.166678
-0.165470
-0.164259
-0.163048
-0.161909
-0.160969
-0.160289
-0.159787
-0.159310
-0.158756
-0.158053
-0.157114
-0.155863
-0.154300
-0.152550
-0.150795
-0.149158
-0.147686
-0.146371
-0.145232
-0.144285
-0.143443
-0.142558
-0.141578
-0.140566
-0.139602
-0.138748
-0.138070
-0.137640
-0.137515
-0.137699
-0.138098
-0.138578
-0.139076
-0.139579
-0.140065
-0.140463
-0.140666
-0.140569
-0.140092
-0.139226
-0.138072
-0.136742
-0.135308
-0.133832
-0.132293
-0.130617
-0.128772
-0.126760
-0.124599
-0.122369
-0.120234
-0.118353
-0.116782
-0.115512
-0.114501
-0.113686
-0.113030
-0.112540
-0.112232
-0.112106
-0.112134
-0.112242
-0.112326
-0.112288
-0.112077
-0.111705
-0.111181
-0.110490
-0.109635
-0.108637
-0.107513
-0.106272
-0.104934
-0.103537
-0.102121
-0.100698
-0.099279
-0.097905
-0.096614
-0.095416
-0.094298
-0.093247
-0.092252
-0.091294
-0.090351
-0.089398
-0.088420
-0.087424
-0.086424
-0.085419
-0.084406
-0.083387
-0.082364
-0.081334
-0.080289
-0.079225
-0.078149
-0.077080
-0.076023
-0.074972
-0.073919
-0.072855
-0.071779
-0.070693
-0.069600
-0.068502
-0.067396
-0.066281
-0.065157
-0.064028
-0.062896
-0.061769
-0.060649
-0.059538
-0.058434
-0.057338
-0.056246
-0.055159
-0.054078
-0.053005
-0.051941
-0.050888
-0.049845
-0.048811
-0.047784
-0.046763
-0.045745
-0.044731
-0.043720
-0.042713
-0.041713
-0.040718
-0.039728
-0.038744
-0.037764
-0.036789
-0.035821
-0.034859
-0.033904
-0.032957
-0.032018
-0.031088
-0.030168
-0.029256
-0.028355
-0.027463
-0.026581
-0.025709
-0.024847
-0.023995
-0.023154
-0.022323
-0.021503
-0.020695
-0.019898
-0.019112
-0.018339
-0.017578
-0.016830
-0.016095
-0.015373
-0.014664
-0.013970
-0.013289
-0.012623
-0.011972
-0.011336
-0.010716
-0.010112
-0.009523
-0.008952
-0.008397
-0.007859
-0.007339
-0.006837
-0.006353
-0.005888
-0.005442
-0.005015
-0.004608
-0.004221
-0.003855
-0.003509
-0.003185
-0.002882
-0.002602
-0.002344
-0.002109
-0.001897
-0.001709
-0.001545
-0.001406
-0.001291
-0.001202
-0.001138
-0.001101
-0.001090
