0.000000
-0.000022
-0.000088
-0.000199
-0.000355
-0.000555
-0.000800
-0.001092
-0.001433
-0.001824
-0.002261
-0.002731
-0.003232
-0.003785
-0.004428
-0.005155
-0.005890
-0.006556
-0.007160
-0.007845
-0.008782
-0.009912
-0.010920
-0.011504
-0.011792
-0.012333
-0.013382
-0.014600
-0.015578
-0.016160
-0.016398
-0.016639
-0.017495
-0.019315
-0.021936
-0.024917
-0.027724
-0.030114
-0.032277
-0.034623
-0.037522
-0.040947
-0.044377
-0.047283
-0.049928
-0.053468
-0.059196
-0.067494
-0.077050
-0.085269
-0.090050
-0.091980
-0.094041
-0.098932
-0.108367
-0.123236
-0.142884
-0.165700
-0.190152
-0.215182
-0.239976
-0.262832
-0.281720
-0.296480
-0.308357
-0.317938
-0.325994
-0.334895
-0.346849
-0.362418
-0.380848
-0.400641
-0.420911
-0.441859
-0.463670
-0.485482
-0.505841
-0.524512
-0.542582
-0.560953
-0.580259
-0.601776
-0.627121
-0.656691
-0.688169
-0.716747
-0.737980
-0.751814
-0.762719
-0.775025
-0.789398
-0.803339
-0.816348
-0.833017
-0.858070
-0.893063
-0.937658
-0.987986
-1.037092
-1.079496
-1.112942
-1.138763
-1.160689
-1.181641
-1.202806
-1.224238
-1.246344
-1.271444
-1.302551
-1.340228
-1.380883
-1.420855
-1.461091
-1.504452
-1.552103
-1.604052
-1.659969
-1.719861
-1.784470
-1.852558
-1.919300
-1.980581
-2.036427
-2.088145
-2.136227
-2.182149
-2.228081
-2.275441
-2.325859
-2.381297
-2.442400
-2.507810
-2.574718
-2.640366
-2.704311
-2.768524
-2.834601
-2.902525
-2.972232
-3.044602
-3.120058
-3.197521
-3.275609
-3.354572
-3.436741
-3.524841
-3.619504
-3.718474
-3.819141
-3.920293
-4.021981
-4.125227
-4.230376
-4.336485
-4.442894
-4.550133
-4.659603
-4.772685
-4.889687
-5.009990
-5.132171
-5.253810
-5.373080
-5.489319
-5.601393
-5.708701
-5.813594
-5.920469
-6.034546
-6.160376
-6.298768
-6.447876
-6.606940
-6.776108
-6.953253
-7.134204
-7.316108
-7.498187
-7.681281
-7.865871
-8.049753
-8.230260
-8.405746
-8.574233
-8.733571
-8.882697
-9.023178
-9.158557
-9.291506
-9.423815
-9.558147
-9.697862
-9.845426
-9.997434
-10.142900
-10.273160
-10.386890
-10.485670
-10.572340
-10.650110
-10.721070
-10.786650
-10.849080
-10.912920
-10.983730
-11.065040
-11.154100
-11.242380
-11.325640
-11.408400
-11.496770
-11.594290
-11.704650
-11.831750
-11.977150
-12.140450
-12.321390
-12.520190
-12.736120
-12.967790
-13.213740
-13.471360
-13.736450
-14.005180
-14.276590
-14.552420
-14.834170
-15.122300
-15.416220
-15.713050
-16.009350
-16.302530
-16.593170
-16.887740
-17.193920
-17.516530
-17.859260
-18.222930
-18.604470
-19.000240
-19.406660
-19.819440
-20.233320
-20.641310
-21.035470
-21.408560
-21.755470
-22.074540
-22.368760
-22.643510
-22.901290
-23.140230
-23.356690
-23.547270
-23.708700
-23.838670
-23.936710
-24.004000
-24.042800
-24.055030
-24.042450
-24.007790
-23.953940
-23.882750
-23.795340
-23.693410
-23.577820
-23.447320
-23.301650
-23.142670
-22.971930
-22.786100
-22.575400
-22.329220
-22.041520
-21.710210
-21.331800
-20.900860
-20.415000
-19.876850
-19.291600
-18.662010
-17.991020
-17.288970
-16.568890
-15.840660
-15.113520
-14.396780
-13.697200
-13.008360
-12.307810
-11.575400
-10.805980
-10.004340
-9.172549
-8.302834
-7.386523
-6.424257
-5.421201
-4.381491
-3.310672
-2.216110
-1.103267
0.024683
1.163078
2.306154
3.449286
4.587176
5.714121
6.825539
7.917466
8.988237
10.035750
11.053120
12.032200
12.969630
13.871470
14.744880
15.586590
16.392990
17.167920
17.915930
18.639810
19.340630
20.016390
20.665660
21.289640
21.885940
22.447510
22.966870
23.435390
23.848620
24.211930
24.530690
24.800410
25.010610
25.154770
25.236240
25.268280
25.264010
25.227770
25.162530
25.074720
24.969360
24.846730
24.703970
24.539480
24.353090
24.145770
23.921360
23.684820
23.441730
23.198390
22.954770
22.702380
22.433820
22.149390
21.856040
21.563240
21.278150
21.003870
20.739210
20.480260
20.225660
19.976180
19.728010
19.471820
19.199670
18.910780
18.607670
18.289520
17.953860
17.602540
17.241390
16.878570
16.524170
16.184850
15.863350
15.562350
15.283470
15.027580
14.796470
14.591130
14.410470
14.252800
14.117290
14.003670
13.911850
13.841330
13.790670
13.758450
13.743510
13.744580
13.761600
13.796410
13.851490
13.929370
14.032200
14.160450
14.313130
14.488930
14.685680
14.900670
15.131610
15.375950
15.631580
15.897410
16.172120
16.453950
16.741700
17.034940
17.333660
17.638590
17.950660
18.269680
18.595570
18.928680
19.265970
19.600270
19.924520
20.233190
20.522020
20.790270
21.039860
21.271690
21.483790
21.673100
21.837190
21.976410
22.095940
22.203230
22.308370
22.425690
22.569900
22.751970
22.977300
23.245030
23.548190
23.878120
24.226320
24.582680
24.938650
25.288870
25.628780
25.954790
26.265320
26.559320
26.833760
27.083100
27.305750
27.507560
27.692940
27.861360
28.011280
28.139350
28.240840
28.313460
28.359100
28.381390
28.382330
28.364250
28.336820
28.318590
28.327530
28.373070
28.461440
28.596480
28.769260
28.963950
29.171800
29.386950
29.605080
29.827400
30.054730
30.286900
30.526340
30.773640
31.025230
31.275610
31.516520
31.739830
31.943440
32.128660
32.296160
32.445810
32.576190
32.688290
32.786650
32.872340
32.943020
32.999040
33.040370
33.063250
33.063940
33.040180
32.992190
32.922330
32.831850
32.723000
32.601260
32.472660
32.342030
32.210400
32.073080
31.925940
31.772200
31.620390
31.480020
31.359590
31.259860
31.173650
31.097400
31.030270
30.965830
30.892100
30.798510
30.679390
30.530950
30.354120
30.154490
29.933390
29.691380
29.436620
29.177850
28.919700
28.669900
28.431940
28.195230
27.947340
27.681780
27.396250
27.096110
26.787970
26.472190
26.147410
25.813110
25.468310
25.113890
24.755460
24.396370
24.031850
23.655970
23.262680
22.845420
22.406410
21.955110
21.498400
21.038060
20.573040
20.102430
19.628410
19.155630
18.686060
18.217580
17.749690
17.286470
16.833350
16.395470
15.977120
15.578640
15.196410
14.827240
14.469990
14.123170
13.785380
13.457260
13.141320
12.841280
12.561410
12.306410
12.080190
11.884540
11.720110
11.587010
11.484430
11.410480
11.361450
11.331920
11.315830
11.307560
11.303830
11.303610
11.305130
11.305980
11.306820
11.311050
11.320180
11.334690
11.357040
11.389630
11.431370
11.478470
11.529660
11.586740
11.647680
11.701020
11.729910
11.728040
11.713760
11.709310
11.710180
11.703650
11.691220
11.677220
11.660490
11.635370
11.591590
11.515840
11.397100
11.232990
11.025950
10.777440
10.494550
10.190270
9.869864
9.527051
9.156646
8.763218
8.355544
7.942915
7.537785
7.155684
6.815348
6.536652
6.327870
6.178455
6.074493
6.008874
5.972741
5.953493
5.938044
5.914498
5.878371
5.835416
5.797067
5.763236
5.712794
5.625765
5.499547
5.338875
5.142271
4.905563
4.633959
4.336927
4.018885
3.686717
3.351614
3.019833
2.691922
2.366473
2.045812
1.733515
1.426529
1.119354
0.808216
0.489279
0.159671
-0.181819
-0.529684
-0.865199
-1.169471
-1.438453
-1.680109
-1.906975
-2.129079
-2.353000
-2.584861
-2.829510
-3.090852
-3.372852
-3.678485
-4.009024
-4.363752
-4.738704
-5.127290
-5.524077
-5.928025
-6.343118
-6.777662
-7.242929
-7.740854
-8.255063
-8.771706
-9.291488
-9.813135
-10.329840
-10.837870
-11.333710
-11.813080
-12.280080
-12.744110
-13.206150
-13.661830
-14.116130
-14.581780
-15.069240
-15.587910
-16.138340
-16.695570
-17.231280
-17.748080
-18.258110
-18.759640
-19.250230
-19.729990
-20.196430
-20.646620
-21.077150
-21.482320
-21.856730
-22.199170
-22.512270
-22.802640
-23.078790
-23.345380
-23.605690
-23.867070
-24.138170
-24.422530
-24.719290
-25.030040
-25.360820
-25.716650
-26.098960
-26.509470
-26.951390
-27.426320
-27.930490
-28.452040
-28.977210
-29.498650
-30.006830
-30.478220
-30.882370
-31.203590
-31.446690
-31.621060
-31.736240
-31.805760
-31.840230
-31.845780
-31.830740
-31.805010
-31.775550
-31.746690
-31.720560
-31.696130
-31.672240
-31.649170
-31.623910
-31.590970
-31.549280
-31.506260
-31.476200
-31.471960
-31.498130
-31.554710
-31.640110
-31.749660
-31.883610
-32.051730
-32.263700
-32.520890
-32.815820
-33.140120
-33.492410
-33.875320
-34.292750
-34.749210
-35.241480
-35.759270
-36.296790
-36.847960
-37.394630
-37.898450
-38.312240
-38.615310
-38.816450
-38.933730
-38.988560
-38.995470
-38.954960
-38.864440
-38.735060
-38.593290
-38.458250
-38.323280
-38.171410
-37.998490
-37.810240
-37.610960
-37.406240
-37.204050
-37.005640
-36.806350
-36.607780
-36.420010
-36.255190
-36.125820
-36.043510
-36.015950
-36.043910
-36.116060
-36.218740
-36.351000
-36.513680
-36.694490
-36.874660
-37.040740
-37.188190
-37.321720
-37.447370
-37.559400
-37.646290
-37.703670
-37.731830
-37.726540
-37.675110
-37.559910
-37.366930
-37.097550
-36.767430
-36.396070
-35.999840
-35.584650
-35.150090
-34.697520
-34.229750
-33.749880
-33.262500
-32.773270
-32.288750
-31.817470
-31.362310
-30.915300
-30.470220
-30.030790
-29.597320
-29.154770
-28.682990
-28.166890
-27.599000
-26.986810
-26.354720
-25.733130
-25.145430
-24.605030
-24.109870
-23.645340
-23.209610
-22.819850
-22.493000
-22.242180
-22.079450
-21.994270
-21.950030
-21.913920
-21.859920
-21.773100
-21.662360
-21.536760
-21.395980
-21.244500
-21.089780
-20.936490
-20.787320
-20.643880
-20.507460
-20.380010
-20.261280
-20.144430
-20.021400
-19.892470
-19.764150
-19.640320
-19.513340
-19.367140
-19.192270
-18.984780
-18.741770
-18.467850
-18.174560
-17.875510
-17.587020
-17.322750
-17.080490
-16.846650
-16.616270
-16.392340
-16.173710
-15.955530
-15.731650
-15.496920
-15.251450
-14.998670
-14.740610
-14.480230
-14.223540
-13.971610
-13.712690
-13.427170
-13.106110
-12.763870
-12.419740
-12.078890
-11.743010
-11.415650
-11.097020
-10.788040
-10.491490
-10.210010
-9.946710
-9.703817
-9.482872
-9.285076
-9.107671
-8.940541
-8.769185
-8.578735
-8.355146
-8.090315
-7.781690
-7.428033
-7.033802
-6.612321
-6.180378
-5.755115
-5.351577
-4.976902
-4.632724
-4.321303
-4.045731
-3.806520
-3.600966
-3.426991
-3.283812
-3.170135
-3.085224
-3.026843
-2.987235
-2.955805
-2.924271
-2.886535
-2.836560
-2.769613
-2.683486
-2.578900
-2.461059
-2.338459
-2.218977
-2.107413
-2.004764
-1.910103
-1.823702
-1.747645
-1.684838
-1.636545
-1.599211
-1.566160
-1.532150
-1.492878
-1.443158
-1.378897
-1.298467
-1.201476
-1.087791
-0.957548
-0.811759
-0.653264
-0.486582
-0.316474
-0.147429
0.016401
0.171956
0.316886
0.449012
0.566527
0.668180
0.753511
0.821874
0.871661
0.902689
0.919213
0.928992
0.939748
0.958234
0.992621
1.052603
1.143411
1.261788
1.400908
1.554802
1.718290
1.887290
2.058096
2.225143
2.381156
2.520692
2.641778
2.744544
2.830059
2.900792
2.961642
3.017096
3.068573
3.116789
3.163931
3.213005
3.266317
3.324756
3.388946
3.459870
3.536446
3.615507
3.694647
3.770005
3.835972
3.890618
3.935177
3.969410
3.990878
3.997133
3.987965
3.965777
3.935560
3.903233
3.873184
3.850858
3.842612
3.851915
3.880230
3.927839
3.993489
4.075183
4.170458
4.276393
4.389461
4.506442
4.625881
4.747061
4.868614
4.988230
5.102741
5.209634
5.306925
5.391894
5.462349
5.517245
5.556527
5.581094
5.591721
5.589382
5.576183
5.554396
5.524705
5.485048
5.432669
5.369154
5.300321
5.231059
5.162258
5.090190
5.010504
4.922604
4.829314
4.735803
4.646834
4.565473
4.493924
4.431098
4.373699
4.321103
4.274111
4.231373
4.190245
4.148643
4.104155
4.053877
3.995900
3.928594
3.850402
3.761185
3.661398
3.550270
3.426842
3.294744
3.163058
3.040625
2.931848
2.835994
2.750491
2.675436
2.612059
2.559266
2.515257
2.480149
2.455645
2.443687
2.444859
2.457194
2.477069
2.501729
2.530928
2.565703
2.607003
2.656201
2.713986
2.779169
2.850281
2.926774
3.008356
3.093819
3.180637
3.265837
3.346918
3.421718
3.487956
3.543523
3.587204
3.618780
3.638999
3.650212
3.655695
3.657887
3.658524
3.659098
3.660466
3.663552
3.670022
3.681824
3.700633
3.727623
3.763173
3.806716
3.857503
3.914938
3.978116
4.045847
4.116538
4.188091
4.258661
4.326880
4.391683
4.452722
4.510028
4.563021
4.610157
4.649026
4.677709
4.696073
4.704333
4.702139
4.690739
4.674454
4.658507
4.646229
4.639794
4.640584
4.647744
4.659405
4.674355
4.691837
4.710951
4.729970
4.746640
4.759464
4.768372
4.774680
4.780034
4.785631
4.792734
4.802212
4.814007
4.827913
4.843283
4.858594
4.872679
4.885595
4.897742
4.908484
4.915791
4.916923
4.909555
4.893981
4.873543
4.851085
4.827826
4.805370
4.785603
4.769182
4.755453
4.744044
4.735001
4.727640
4.721037
4.715228
4.711196
4.709677
4.710649
4.713972
4.719472
4.726458
4.733871
4.740560
4.745329
4.747562
4.747593
4.745710
4.741814
4.736651
4.731726
4.727780
4.724624
4.722147
4.720671
4.720145
4.719821
4.718939
4.716985
4.713834
4.709726
4.704703
4.698757
4.692063
4.684491
4.675643
4.665204
4.652842
4.638148
4.620718
4.600192
4.576582
4.550309
4.521812
4.491626
4.460059
4.426754
4.391485
4.354595
4.316736
4.279018
4.242872
4.209365
4.179045
4.152491
4.130531
4.113867
4.102428
4.094749
4.088555
4.082435
4.076419
4.071058
4.066655
4.063411
4.061816
4.062615
4.066251
4.072434
4.080736
4.091023
4.102821
4.115018
4.126071
4.134497
4.139579
4.141321
4.140098
4.136342
4.130157
4.121260
4.109196
4.093731
4.074898
4.052892
4.028743
4.004757
3.983422
3.965777
3.951484
3.940130
3.931879
3.927516
3.927706
3.931812
3.938279
3.946185
3.955320
3.965549
3.976931
3.989506
4.003006
4.017154
4.031745
4.046656
4.061995
4.077886
4.094233
4.110812
4.127556
4.144901
4.163881
4.185772
4.210591
4.236376
4.261424
4.284873
4.305533
4.322908
4.337363
4.348903
4.357661
4.364391
4.369991
4.375237
4.380512
4.386102
4.392822
4.402044
4.415422
4.434065
4.457975
4.486510
4.518785
4.553984
4.591795
4.632261
4.675201
4.720146
4.766656
4.814322
4.862780
4.911997
4.962166
5.013118
5.064316
5.115652
5.167338
5.219248
5.271501
5.324426
5.377710
5.430922
5.484185
5.537852
5.592218
5.647787
5.705188
5.764783
5.826724
5.890963
5.957180
6.024984
6.093960
6.163711
6.234079
6.305346
6.378286
6.453621
6.531337
6.610790
6.691109
6.771417
6.850970
6.929520
7.007061
7.083318
7.158240
7.232121
7.305343
7.378653
7.452728
7.527324
7.601662
7.675109
7.747181
7.817586
7.886029
7.951893
8.014604
8.074106
8.130865
8.185767
8.239580
8.292842
8.346746
8.402907
8.462016
8.523554
8.586720
8.651188
8.716848
8.783126
8.848873
8.913209
8.976079
9.038104
9.100072
9.162030
9.223343
9.283248
9.340881
9.395509
9.446886
9.494844
9.538766
9.578171
9.613109
9.643593
9.669493
9.690959
9.708633
9.723794
9.737840
9.751179
9.763743
9.776267
9.789756
9.804673
9.820935
9.837435
9.852397
9.864895
9.874982
9.882992
9.889152
9.893180
9.894571
9.892867
9.887604
9.879141
9.868729
9.856638
9.841680
9.822680
9.799144
9.771386
9.740560
9.707960
9.674453
9.640793
9.607654
9.575068
9.542621
9.510074
9.477433
9.444558
9.410722
9.374902
9.336489
9.295723
9.253664
9.211302
9.168755
9.125744
9.082369
9.038989
8.995711
8.952403
8.909117
8.866131
8.823586
8.781339
8.739150
8.696831
8.654097
8.610479
8.565786
8.520242
8.473899
8.426842
8.379629
8.332680
8.285788
8.238038
8.188428
8.136816
8.083535
8.028998
7.973709
7.917785
7.861198
7.804288
7.747494
7.691194
7.635564
7.580230
7.524602
7.468468
7.411952
7.355320
7.298839
7.242185
7.184815
7.126872
7.068585
7.010028
6.951156
6.891434
6.830266
6.767359
6.702765
6.636817
6.569749
6.501591
6.432332
6.362281
6.292246
6.222576
6.152879
6.083071
6.013337
5.943663
5.874068
5.804610
5.735218
5.665688
5.595789
5.525307
5.454179
5.382640
5.311015
5.239377
5.167621
5.095843
5.024337
4.953250
4.882522
4.812159
4.742359
4.673340
4.605235
4.538053
4.471695
4.406124
4.341349
4.277301
4.213878
4.151030
4.088773
4.026897
3.964552
3.900709
3.834893
3.767207
3.698124
3.628416
3.558911
3.490334
3.423346
3.358645
3.297098
3.239367
3.185248
3.133816
3.084315
3.036425
2.990069
2.945324
2.902279
2.860979
2.821199
2.782498
2.744754
2.708180
2.672834
2.638435
2.604495
2.570689
2.536949
2.503111
2.469227
2.436010
2.404304
2.374925
2.348957
2.327419
2.310834
2.299003
2.291005
2.285426
2.280912
2.276618
2.272061
2.267090
2.261751
2.256073
2.250149
2.244280
2.238998
2.234823
2.232097
2.230768
2.230435
2.230832
2.231808
2.233108
2.234516
2.236128
2.238415
2.241926
2.247124
2.254097
2.262136
2.270305
2.278175
2.285603
2.292556
2.299122
2.305167
2.310456
2.315129
2.319510
2.323829
2.328364
2.333471
2.339359
2.345949
2.352917
2.359824
2.366156
2.371298
2.374661
2.375780
2.374327
2.370136
2.363099
2.353090
2.340082
2.324268
2.306072
2.286321
2.266294
2.247278
2.230369
2.216291
2.205143
2.196654
2.190511
2.186302
2.183320
2.180680
2.177574
2.173648
2.169397
2.165493
2.162174
2.159770
2.158597
2.158365
2.158181
2.156734
2.152868
2.146275
2.137265
2.126018
2.112345
2.096176
2.077953
2.058564
2.038783
2.018854
1.998692
1.977987
1.956292
1.933391
1.909349
1.884133
1.857651
1.830164
1.802117
1.773661
1.744658
1.715022
1.684782
1.653813
1.621753
1.588297
1.553506
1.517784
1.481437
1.444479
1.406938
1.368995
1.330915
1.292994
1.255628
1.219313
1.184406
1.151143
1.119737
1.090130
1.062080
1.035571
1.010721
0.987569
0.966166
0.946538
0.928547
0.911996
0.896880
0.883461
0.872027
0.862471
0.853969
0.845231
0.835039
0.822713
0.808362
0.792444
0.775234
0.756881
0.737768
0.718684
0.700484
0.683522
0.667530
0.651835
0.635221
0.616415
0.595077
0.571606
0.546419
0.519663
0.491535
0.462565
0.433251
0.403883
0.374510
0.345047
0.315470
0.285537
0.254982
0.224076
0.193250
0.162490
0.131448
0.099974
0.068260
0.036371
0.004002
-0.029080
-0.062772
-0.096979
-0.131804
-0.167320
-0.203433
-0.239991
-0.276865
-0.313931
-0.351191
-0.388827
-0.426727
-0.464091
-0.500131
-0.534998
-0.569117
-0.602147
-0.633601
-0.663695
-0.692946
-0.721400
-0.748586
-0.774138
-0.798195
-0.821327
-0.844181
-0.866905
-0.888923
-0.909656
-0.929340
-0.948757
-0.968620
-0.989195
-1.009952
-1.030313
-1.050394
-1.070208
-1.089261
-1.107020
-1.122978
-1.136557
-1.147558
-1.156820
-1.165757
-1.174790
-1.183317
-1.191372
-1.199688
-1.208367
-1.216734
-1.223934
-1.229351
-1.233159
-1.236055
-1.238451
-1.240506
-1.242296
-1.244227
-1.247333
-1.252409
-1.259164
-1.266386
-1.273297
-1.280420
-1.288448
-1.297345
-1.306874
-1.316966
-1.327654
-1.339171
-1.351872
-1.365979
-1.381341
-1.397387
-1.413625
-1.429856
-1.445770
-1.460809
-1.474360
-1.485927
-1.495635
-1.504325
-1.512902
-1.521974
-1.531940
-1.543166
-1.556026
-1.570762
-1.587279
-1.605139
-1.623979
-1.643784
-1.664640
-1.686310
-1.708231
-1.729791
-1.750181
-1.768365
-1.783632
-1.795725
-1.804406
-1.809464
-1.811036
-1.809669
-1.806208
-1.801619
-1.796877
-1.792803
-1.789561
-1.786756
-1.784384
-1.782850
-1.782339
-1.782695
-1.783374
-1.783582
-1.782989
-1.782009
-1.781194
-1.780737
-1.780487
-1.780251
-1.779995
-1.779598
-1.778685
-1.776874
-1.773988
-1.769935
-1.764601
-1.757845
-1.749413
-1.738977
-1.726217
-1.710786
-1.692431
-1.671300
-1.647964
-1.623039
-1.596990
-1.570376
-1.544091
-1.519136
-1.495967
-1.474389
-1.454167
-1.435140
-1.417020
-1.399520
-1.382390
-1.365361
-1.348271
-1.331336
-1.315169
-1.300735
-1.289054
-1.280543
-1.275263
-1.273173
-1.273979
-1.277434
-1.283386
-1.291660
-1.301870
-1.313157
-1.324361
-1.334111
-1.340993
-1.344133
-1.343276
-1.338078
-1.328064
-1.313642
-1.296540
-1.279117
-1.263531
-1.251389
-1.243493
-1.239965
-1.240800
-1.245579
-1.253272
-1.263145
-1.274740
-1.287134
-1.299262
-1.310367
-1.319941
-1.328011
-1.335045
-1.341184
-1.346304
-1.350763
-1.355283
-1.360435
-1.366468
-1.373150
-1.380089
-1.387381
-1.395730
-1.405885
-1.418055
-1.432064
-1.447576
-1.464052
-1.480916
-1.497692
-1.513941
-1.529347
-1.543674
-1.556415
-1.566782
-1.574123
-1.578416
-1.580305
-1.580631
-1.580145
-1.579500
-1.579156
-1.579438
-1.580771
-1.583739
-1.588854
-1.596419
-1.606650
-1.619514
-1.634454
-1.650662
-1.667418
-1.683964
-1.699573
-1.713861
-1.726712
-1.737986
-1.747678
-1.756160
-1.763941
-1.771121
-1.777308
-1.782311
-1.786542
-1.790615
-1.794917
-1.799544
-1.804616
-1.810668
-1.818429
-1.828202
-1.839589
-1.851800
-1.864135
-1.876553
-1.889675
-1.904000
-1.919684
-1.936531
-1.953965
-1.971506
-1.988756
-2.005140
-2.020081
-2.033266
-2.044775
-2.054961
-2.064540
-2.074506
-2.085514
-2.097989
-2.112459
-2.129199
-2.148116
-2.169102
-2.191968
-2.216266
-2.241481
-2.267057
-2.292180
-2.315894
-2.337544
-2.357126
-2.374975
-2.391210
-2.405569
-2.417674
-2.427746
-2.437212
-2.448043
-2.461063
-2.475944
-2.492533
-2.511074
-2.531819
-2.554849
-2.579797
-2.605771
-2.632197
-2.659365
-2.687781
-2.717480
-2.747661
-2.777121
-2.805420
-2.832761
-2.859111
-2.884241
-2.907967
-2.930096
-2.950398
-2.968658
-2.984872
-2.999361
-3.012506
-3.024534
-3.035403
-3.045027
-3.053740
-3.062044
-3.070325
-3.079038
-3.088708
-3.099851
-3.113024
-3.128871
-3.148058
-3.170813
-3.196585
-3.224433
-3.253150
-3.281174
-3.307093
-3.330172
-3.350178
-3.367034
-3.380920
-3.392639
-3.403187
-3.412958
-3.422152
-3.431196
-3.440586
-3.450963
-3.462755
-3.475819
-3.489942
-3.505188
-3.521575
-3.538655
-3.555592
-3.571611
-3.586435
-3.600475
-3.614441
-3.628907
-3.644134
-3.660168
-3.677291
-3.696043
-3.716694
-3.738990
-3.762452
-3.786749
-3.811797
-3.837601
-3.863803
-3.889746
-3.914921
-3.939066
-3.962155
-3.984191
-4.005062
-4.024835
-4.043965
-4.063007
-4.082188
-4.101137
-4.119146
-4.135721
-4.150618
-4.163607
-4.174491
-4.183188
-4.189611
-4.193727
-4.195845
-4.196529
-4.196352
-4.195890
-4.195560
-4.195544
-4.196028
-4.197214
-4.199243
-4.202175
-4.205925
-4.210408
-4.215738
-4.221987
-4.228906
-4.236100
-4.243293
-4.250255
-4.256636
-4.261945
-4.265703
-4.267569
-4.267241
-4.264484
-4.259333
-4.252100
-4.243180
-4.233028
-4.222191
-4.211164
-4.200095
-4.188738
-4.176960
-4.164889
-4.152343
-4.138810
-4.123986
-4.107943
-4.090986
-4.073485
-4.055907
-4.038862
-4.022691
-4.007164
-3.991858
-3.976382
-3.960227
-3.942940
-3.924221
-3.903747
-3.881299
-3.857040
-3.831355
-3.804382
-3.775780
-3.744997
-3.711880
-3.677111
-3.641755
-3.606235
-3.570207
-3.533306
-3.495403
-3.456534
-3.416916
-3.376949
-3.337154
-3.297890
-3.259303
-3.221566
-3.184775
-3.148557
-3.112131
-3.074825
-3.036156
-2.995554
-2.952571
-2.907319
-2.860383
-2.812415
-2.764257
-2.717003
-2.671658
-2.628613
-2.587397
-2.547632
-2.509566
-2.473166
-2.437872
-2.403177
-2.368736
-2.334207
-2.299314
-2.264077
-2.228732
-2.193341
-2.157695
-2.121640
-2.085257
-2.048717
-2.012107
-1.975367
-1.938449
-1.901697
-1.865694
-1.830816
-1.797370
-1.765624
-1.735602
-1.707330
-1.680901
-1.656177
-1.632855
-1.610547
-1.588657
-1.566439
-1.543302
-1.519065
-1.493859
-1.468013
-1.442042
-1.416519
-1.391817
-1.367733
-1.343727
-1.319684
-1.295860
-1.272310
-1.248844
-1.225262
-1.201452
-1.177386
-1.153030
-1.128260
-1.102917
-1.077035
-1.050914
-1.024918
-0.999322
-0.974315
-0.950024
-0.926593
-0.904203
-0.883044
-0.863306
-0.845104
-0.828323
-0.812793
-0.798725
-0.786613
-0.776806
-0.769227
-0.763309
-0.758398
-0.754016
-0.749809
-0.745475
-0.740619
-0.734813
-0.728050
-0.720813
-0.713656
-0.707085
-0.701382
-0.696431
-0.692168
-0.688866
-0.686906
-0.686619
-0.688115
-0.690932
-0.694344
-0.698128
-0.702431
-0.707220
-0.712351
-0.717814
-0.723855
-0.730925
-0.739479
-0.749971
-0.762865
-0.778251
-0.795587
-0.814220
-0.833833
-0.854239
-0.875192
-0.896314
-0.916978
-0.936570
-0.954955
-0.972318
-0.988668
-1.003740
-1.017194
-1.028745
-1.038207
-1.045568
-1.051031
-1.055103
-1.058557
-1.062131
-1.066592
-1.072920
-1.081974
-1.094345
-1.110595
-1.131171
-1.156170
-1.185280
-1.217653
-1.252087
-1.287601
-1.323461
-1.358945
-1.393388
-1.426199
-1.457031
-1.485881
-1.512721
-1.537436
-1.560159
-1.581171
-1.600738
-1.619218
-1.637036
-1.654573
-1.672077
-1.689589
-1.707101
-1.724646
-1.742245
-1.759931
-1.777747
-1.795683
-1.813651
-1.831512
-1.849065
-1.866018
-1.882077
-1.897120
-1.911313
-1.924950
-1.938293
-1.951572
-1.964943
-1.978523
-1.992451
-2.006839
-2.021634
-2.036494
-2.050932
-2.064582
-2.077161
-2.088403
-2.098200
-2.106771
-2.114543
-2.121899
-2.129166
-2.136522
-2.143853
-2.151060
-2.158214
-2.165281
-2.172103
-2.178564
-2.184601
-2.190218
-2.195435
-2.200195
-2.204453
-2.208274
-2.211792
-2.215095
-2.218155
-2.220860
-2.223101
-2.224770
-2.225732
-2.225867
-2.225136
-2.223617
-2.221410
-2.218571
-2.215109
-2.211000
-2.206200
-2.200580
-2.193910
-2.185953
-2.176517
-2.165553
-2.153188
-2.139558
-2.124680
-2.108468
-2.090913
-2.072177
-2.052425
-2.031763
-2.010231
-1.987798
-1.964483
-1.940567
-1.916568
-1.892803
-1.869195
-1.845578
-1.821895
-1.798284
-1.775093
-1.752637
-1.731049
-1.710197
-1.689631
-1.668890
-1.647767
-1.626205
-1.604058
-1.581078
-1.557057
-1.531959
-1.505987
-1.479386
-1.452092
-1.423693
-1.393875
-1.362544
-1.329566
-1.295078
-1.259822
-1.224579
-1.189783
-1.155969
-1.123995
-1.094777
-1.068751
-1.045604
-1.024972
-1.006823
-0.990862
-0.976214
-0.961774
-0.946699
-0.930452
-0.912621
-0.892878
-0.870993
-0.847031
-0.821399
-0.794554
-0.766853
-0.738620
-0.710171
-0.681816
-0.653848
-0.626551
-0.600209
-0.575108
-0.551530
-0.529770
-0.510137
-0.492908
-0.478104
-0.465427
-0.454527
-0.444997
-0.436167
-0.427300
-0.417896
-0.407792
-0.397127
-0.386157
-0.375049
-0.363822
-0.352471
-0.341122
-0.329966
-0.319041
-0.308129
-0.296892
-0.285156
-0.272969
-0.260526
-0.248171
-0.236309
-0.225340
-0.215566
-0.206943
-0.199208
-0.192251
-0.186042
-0.180403
-0.174958
-0.169205
-0.162922
-0.156427
-0.150259
-0.144783
-0.140177
-0.136605
-0.134238
-0.133059
-0.132781
-0.132898
-0.132721
-0.131818
-0.130242
-0.128021
-0.125041
-0.121243
-0.116678
-0.111683
-0.106862
-0.102749
-0.099386
-0.096479
-0.093966
-0.092024
-0.090708
-0.089817
-0.088950
-0.087683
-0.085741
-0.083128
-0.079909
-0.075842
-0.070588
-0.063949
-0.055837
-0.046353
-0.035712
-0.024154
-0.012007
0.000365
0.012623
0.024410
0.035499
0.046053
0.056488
0.067134
0.078302
0.090220
0.102862
0.116136
0.129998
0.144356
0.159100
0.174138
0.189413
0.205030
0.221248
0.238148
0.255544
0.273288
0.291376
0.309853
0.328759
0.348144
0.368054
0.388449
0.409241
0.430395
0.451950
0.473952
0.496439
0.519460
0.543010
0.566955
0.591099
0.615305
0.639544
0.663830
0.688041
0.711938
0.735332
0.758177
0.780611
0.802825
0.824977
0.847238
0.869747
0.892622
0.915979
0.939781
0.963752
0.987549
1.010859
1.033399
1.055080
1.076008
1.096306
1.116160
1.135838
1.155593
1.175675
1.196236
1.217214
1.238412
1.259563
1.280365
1.300636
1.320413
1.339820
1.358923
1.377753
1.396325
1.414689
1.433036
1.451682
1.470745
1.489859
1.508404
1.525910
1.542206
1.557416
1.571789
1.585568
1.599042
1.612491
1.626110
1.640070
1.654557
1.669709
1.685519
1.701832
1.718474
1.735268
1.751942
1.768192
1.783880
1.799174
1.814359
1.829528
1.844607
1.859535
1.874253
1.888618
1.902407
1.915361
1.927230
1.937786
1.946942
1.954844
1.961773
1.967995
1.973730
1.979201
1.984577
1.989873
1.995147
2.000602
2.006317
2.012238
2.018362
2.024700
2.031202
2.037774
2.044360
2.050952
2.057477
2.063748
2.069563
2.074734
2.079074
2.082492
2.085009
2.086636
2.087329
2.087038
2.085779
2.083728
2.081173
2.078351
2.075357
2.072159
2.068744
2.065195
2.061526
2.057621
2.053370
2.048709
2.043650
2.038319
2.032860
2.027392
2.022057
2.016998
2.012333
2.008086
2.004156
2.000466
1.997060
1.994015
1.991354
1.988959
1.986590
1.984054
1.981315
1.978389
1.975251
1.971851
1.968173
1.964278
1.960247
1.956037
1.951524
1.946605
1.941185
1.935287
1.929179
1.923162
1.917430
1.912128
1.907280
1.902835
1.898745
1.894911
1.891203
1.887527
1.883845
1.880146
1.876366
1.872458
1.868574
1.864893
1.861175
1.856892
1.851723
1.845714
1.839136
1.832191
1.824863
1.817101
1.809130
1.801582
1.795180
1.790377
1.787406
1.786341
1.787034
1.789152
1.792249
1.795871
1.799613
1.803142
1.806164
1.808501
1.810163
1.811155
1.811369
1.810796
1.809579
1.807732
1.805182
1.802117
1.798915
1.795854
1.793171
1.791158
1.790094
1.790153
1.791265
1.793179
1.795674
1.798520
1.801436
1.804181
1.806614
1.808665
1.810251
1.811248
1.811493
1.810796
1.809011
1.806159
1.802446
1.798073
1.793183
1.787951
1.782548
1.777024
1.771282
1.765232
1.758856
1.752103
1.744858
1.736984
1.728377
1.719187
1.709944
1.701177
1.693023
1.685312
1.677877
1.670646
1.663645
1.656883
1.650190
1.643330
1.636106
1.628404
1.620401
1.612505
1.605018
1.597947
1.591027
1.583973
1.576593
1.568695
1.560068
1.550471
1.539615
1.527398
1.514151
1.500346
1.486275
1.472226
1.458618
1.445836
1.433956
1.422772
1.412131
1.401972
1.392154
1.382467
1.372667
1.362522
1.351963
1.341156
1.330314
1.319561
1.308886
1.298150
1.287263
1.276207
1.264963
1.253577
1.242165
1.230833
1.219660
1.208638
1.197676
1.186806
1.176247
1.166203
1.156694
1.147585
1.138770
1.130146
1.121506
1.112637
1.103443
1.093876
1.083871
1.073441
1.062679
1.051675
1.040549
1.029458
1.018455
1.007475
0.996517
0.985735
0.975342
0.965508
0.956325
0.947794
0.939809
0.932148
0.924605
0.917051
0.909285
0.900989
0.891884
0.881772
0.870613
0.858676
0.846357
0.833906
0.821311
0.808344
0.795004
0.781820
0.769661
0.759104
0.749625
0.739953
0.729262
0.717561
0.705256
0.692616
0.679693
0.666569
0.653359
0.640066
0.626590
0.612890
0.599201
0.585717
0.572094
0.557806
0.542747
0.527302
0.512107
0.497750
0.484443
0.471910
0.459995
0.449024
0.439193
0.430161
0.421252
0.411831
0.401696
0.391051
0.380170
0.369142
0.357878
0.346421
0.334927
0.323394
0.311665
0.299545
0.286844
0.273456
0.259482
0.245197
0.230865
0.216610
0.202464
0.188532
0.175074
0.162383
0.150622
0.139700
0.129301
0.119206
0.109458
0.100070
0.090888
0.081823
0.072950
0.064440
0.056505
0.049173
0.042227
0.035506
0.028879
0.022143
0.015203
0.008072
0.000728
-0.006870
-0.014734
-0.022837
-0.030982
-0.038780
-0.045905
-0.052292
-0.058026
-0.063233
-0.068135
-0.073061
-0.078333
-0.084102
-0.090247
-0.096543
-0.102785
-0.108722
-0.114124
-0.118919
-0.123191
-0.127102
-0.130858
-0.134622
-0.138380
-0.141976
-0.145192
-0.147724
-0.149310
-0.149982
-0.149977
-0.149398
-0.148303
-0.146883
-0.145331
-0.143697
-0.141889
-0.139833
-0.137566
-0.135101
-0.132344
-0.129226
-0.125804
-0.122209
-0.118605
-0.115246
-0.112412
-0.110336
-0.109128
-0.108693
-0.108824
-0.109260
-0.109599
-0.109368
-0.108161
-0.105772
-0.102350
-0.098290
-0.094004
-0.089788
-0.085778
-0.082045
-0.078821
-0.076549
-0.075425
-0.075089
-0.075015
-0.074926
-0.074756
-0.074571
-0.074589
-0.075058
-0.075980
-0.077070
-0.078301
-0.080047
-0.082594
-0.085900
-0.089486
-0.092529
-0.094417
-0.095150
-0.095187
-0.095034
-0.094918
-0.094899
-0.095166
-0.096120
-0.098332
-0.102187
-0.107411
-0.113248
-0.119040
-0.124228
-0.128313
-0.131198
-0.133159
-0.134369
-0.134819
-0.134759
-0.134659
-0.134933
-0.136028
-0.138081
-0.140450
-0.142374
-0.143796
-0.145199
-0.147185
-0.150157
-0.154047
-0.158447
-0.163135
-0.168242
-0.173884
-0.179785
-0.185415
-0.190417
-0.194436
-0.196934
-0.197902
-0.198302
-0.199143
-0.200520
-0.201996
-0.203451
-0.205307
-0.208185
-0.212560
-0.218273
-0.224167
-0.229312
-0.234237
-0.240156
-0.247813
-0.256978
-0.266681
-0.275415
-0.281593
-0.285097
-0.287349
-0.289305
-0.290654
-0.291186
-0.291761
-0.293344
-0.296293
-0.300964
-0.307626
-0.315625
-0.323763
-0.331617
-0.339509
-0.347822
-0.356939
-0.366833
-0.376778
-0.385952
-0.394146
-0.401583
-0.408264
-0.414309
-0.420339
-0.426843
-0.433547
-0.439818
-0.445659
-0.452111
-0.460551
-0.471214
-0.482963
-0.494571
-0.505499
-0.515854
-0.525971
-0.536168
-0.546648
-0.556746
-0.564765
-0.569990
-0.574228
-0.580079
-0.588277
-0.597234
-0.605012
-0.611838
-0.619865
-0.630821
-0.644414
-0.658091
-0.668854
-0.676185
-0.682817
-0.691771
-0.703442
-0.715619
-0.724920
-0.729821
-0.732632
-0.736767
-0.743992
-0.754401
-0.765454
-0.772880
-0.775302
-0.775287
-0.776167
-0.780497
-0.789077
-0.799196
-0.806675
-0.811052
-0.815542
-0.822856
-0.834021
-0.848175
-0.861997
-0.871831
-0.877085
-0.880281
-0.883116
-0.883750
-0.878832
-0.866117
-0.845380
-0.819475
-0.792588
-0.767562
-0.745906
-0.727637
-0.712664
-0.702687
-0.698728
-0.699108
-0.702332
-0.708912
-0.719126
-0.732115
-0.745852
-0.757289
-0.765301
-0.771003
-0.775387
-0.779970
-0.786944
-0.797067
-0.809386
-0.822558
-0.835911
-0.849423
-0.862263
-0.872585
-0.879615
-0.884400
-0.888271
-0.892189
-0.896882
-0.901987
-0.906207
-0.909131
-0.911727
-0.915125
-0.920009
-0.926783
-0.935618
-0.946043
-0.956249
-0.964930
-0.973257
-0.981941
-0.989399
-0.994482
-0.998341
-1.003264
-1.010717
-1.020512
-1.031149
-1.041754
-1.052962
-1.064931
-1.076822
-1.087906
-1.097392
-1.104359
-1.108544
-1.110485
-1.110743
-1.109260
-1.105481
-1.099082
-1.090164
-1.078483
-1.063386
-1.044496
-1.022102
-0.997448
-0.972236
-0.947632
-0.924414
-0.903982
-0.888916
-0.881760
-0.882026
-0.885707
-0.889134
-0.891336
-0.892424
-0.891620
-0.887195
-0.877623
-0.861799
-0.839373
-0.812322
-0.784603
-0.760072
-0.741427
-0.729986
-0.725984
-0.729224
-0.738989
-0.753455
-0.769795
-0.785083
-0.797016
-0.803763
-0.804375
-0.799763
-0.791533
-0.780495
-0.767415
-0.753635
-0.740729
-0.729866
-0.721007
-0.713321
-0.706224
-0.699597
-0.693670
-0.688592
-0.683768
-0.678350
-0.672600
-0.667551
-0.663923
-0.662594
-0.664665
-0.670793
-0.681083
-0.695241
-0.712987
-0.733390
-0.753602
-0.770669
-0.784007
-0.793674
-0.797994
-0.794676
-0.783703
-0.768211
-0.751072
-0.732857
-0.714241
-0.696587
-0.680468
-0.665530
-0.651122
-0.637417
-0.625783
-0.617807
-0.614810
-0.617932
-0.627279
-0.641421
-0.658570
-0.676032
-0.689290
-0.694163
-0.688699
-0.673166
-0.649071
-0.617834
-0.580739
-0.540548
-0.501239
-0.466112
-0.438035
-0.419631
-0.411577
-0.412032
-0.418209
-0.428228
-0.441918
-0.459473
-0.479432
-0.499001
-0.516245
-0.530556
-0.541384
-0.549034
-0.555637
-0.563285
-0.572742
-0.583841
-0.595572
-0.606603
-0.615745
-0.622079
-0.625457
-0.626019
-0.623434
-0.617380
-0.607892
-0.595388
-0.581049
-0.566342
-0.552275
-0.539905
-0.530575
-0.524818
-0.522096
-0.521939
-0.524519
-0.530286
-0.539239
-0.550671
-0.563968
-0.578969
-0.595351
-0.612219
-0.628345
-0.642811
-0.654989
-0.664067
-0.669145
-0.669353
-0.663969
-0.652966
-0.637320
-0.618649
-0.598379
-0.577505
-0.557037
-0.537780
-0.519994
-0.503798
-0.489690
-0.478406
-0.470357
-0.465050
-0.461381
-0.458669
-0.456674
-0.455076
-0.453248
-0.450263
-0.445752
-0.440388
-0.434922
-0.429624
-0.424620
-0.420030
-0.416039
-0.413028
-0.411361
-0.411066
-0.411912
-0.413704
-0.416234
-0.419085
-0.421758
-0.423832
-0.424936
-0.424813
-0.423381
-0.420555
-0.416271
-0.410741
-0.404468
-0.398055
-0.391935
-0.386254
-0.381059
-0.376393
-0.372318
-0.368963
-0.366462
-0.364963
-0.364646
-0.365587
-0.367660
-0.370722
-0.374764
-0.379699
-0.385052
-0.389999
-0.393727
-0.395654
-0.395309
-0.392225
-0.386006
-0.376482
-0.364004
-0.349463
-0.333549
-0.316360
-0.297924
-0.278591
-0.259006
-0.239861
-0.221483
-0.203763
-0.186621
-0.170313
-0.155166
-0.141110
-0.127556
-0.114007
-0.100498
-0.087119
-0.073737
-0.060250
-0.046615
-0.032809
-0.018897
-0.004976
0.008891
0.022709
0.036570
0.050554
0.064633
0.078731
0.092811
0.106879
0.121085
0.135748
0.151179
0.167474
0.184532
0.202241
0.220414
0.238649
0.256496
0.273741
0.290366
0.306256
0.321197
0.335077
0.347762
0.358994
0.368706
0.377246
0.385113
0.392767
0.400664
0.409211
0.418611
0.428769
0.439603
0.451353
0.464397
0.478859
0.494462
0.510776
0.527423
0.544079
0.560591
0.576959
0.593136
0.608973
0.624176
0.638467
0.651944
0.664964
0.677753
0.690303
0.702557
0.714623
0.726705
0.738814
0.750834
0.762703
0.774321
0.785494
0.796036
0.805876
0.815124
0.823961
0.832501
0.840795
0.848889
0.856849
0.864692
0.872306
0.879504
0.886157
0.892177
0.897457
0.901925
0.905630
0.908711
0.911324
0.913784
0.916624
0.920355
0.925345
0.931847
0.939953
0.949680
0.961020
0.973844
0.987838
1.002563
1.017634
1.032800
1.047888
1.062899
1.077990
1.093256
1.108656
1.123996
1.139053
1.153838
1.168553
1.183297
1.197934
1.212151
1.225648
1.238288
1.249992
1.260643
1.270050
1.277910
1.283901
1.287919
1.290219
1.291189
1.291063
1.289961
1.288009
1.285377
1.282354
1.279345
1.276714
1.274757
1.273683
1.273599
1.274587
1.276585
1.279214
1.281837
1.283919
1.285453
1.286777
1.287990
1.288915
1.289317
1.288855
1.287242
1.284672
1.281622
1.278286
1.274629
1.270601
1.266150
1.261361
1.256525
1.251948
1.247732
1.243748
1.239867
1.236114
1.232554
1.229223
1.226175
1.223481
1.221197
1.219380
1.218103
1.217420
1.217217
1.217142
1.216813
1.215895
1.214109
1.211339
1.207611
1.203038
1.197849
1.192433
1.187245
1.182672
1.179015
1.176479
1.175030
1.174411
1.174387
1.174796
1.175532
1.176554
1.177777
1.179002
1.179841
1.179813
1.178774
1.176967
1.174534
1.171453
1.167780
1.163623
1.159112
1.154435
1.149739
1.145008
1.140063
1.134755
1.129107
1.123231
1.117196
1.111010
1.104696
1.098374
1.092234
1.086447
1.081123
1.076226
1.071617
1.067173
1.062761
1.058266
1.053729
1.049292
1.045019
1.040974
1.037403
1.034613
1.032742
1.031736
1.031522
1.032068
1.033231
1.034737
1.036318
1.037734
1.038732
1.039091
1.038694
1.037513
1.035511
1.032659
1.029051
1.024994
1.020923
1.017241
1.014268
1.012209
1.011122
1.010925
1.011453
1.012461
1.013595
1.014496
1.015102
1.015675
1.016368
1.017111
1.017799
1.018254
1.018174
1.017306
1.015604
1.012964
1.009122
1.004020
0.998089
0.992180
0.986913
0.982307
0.978283
0.974833
0.971769
0.968771
0.965471
0.961478
0.956567
0.950945
0.945275
0.940162
0.935630
0.931447
0.927695
0.924535
0.921789
0.919060
0.916163
0.913466
0.911494
0.910278
0.909504
0.908828
0.907966
0.906877
0.905670
0.904284
0.902554
0.900442
0.898078
0.895688
0.893456
0.891427
0.889573
0.887947
0.886679
0.885815
0.885329
0.885310
0.885980
0.887538
0.890057
0.893462
0.897649
0.902494
0.907693
0.912802
0.917514
0.921660
0.925039
0.927452
0.928857
0.929416
0.929363
0.928875
0.928093
0.927152
0.926183
0.925276
0.924381
0.923329
0.921956
0.920168
0.917938
0.915250
0.912038
0.908197
0.903673
0.898570
0.893087
0.887386
0.881608
0.875877
0.870275
0.864884
0.859773
0.854897
0.850051
0.845003
0.839565
0.833662
0.827380
0.820844
0.814111
0.807205
0.800128
0.792877
0.785435
0.777776
0.769873
0.761705
0.753275
0.744720
0.736361
0.728626
0.721770
0.715674
0.710107
0.705041
0.700485
0.696384
0.692714
0.689433
0.686360
0.683251
0.679945
0.676330
0.672311
0.667871
0.663070
0.658074
0.653130
0.648462
0.644244
0.640480
0.636955
0.633436
0.629812
0.626094
0.622323
0.618462
0.614452
0.610268
0.605896
0.601356
0.596675
0.591821
0.586773
0.581684
0.576891
0.572603
0.568737
0.565156
0.561769
0.558399
0.554807
0.550782
0.546223
0.541271
0.536148
0.530896
0.525508
0.520151
0.515145
0.510840
0.507438
0.504837
0.502761
0.500946
0.499185
0.497482
0.495999
0.494746
0.493606
0.492506
0.491473
0.490697
0.490370
0.490406
0.490549
0.490574
0.490297
0.489627
0.488522
0.486888
0.484655
0.481868
0.478695
0.475302
0.471727
0.467888
0.463772
0.459539
0.455457
0.451708
0.448239
0.444929
0.441828
0.439062
0.436669
0.434537
0.432432
0.430140
0.427592
0.424803
0.421758
0.418412
0.414734
0.410747
0.406574
0.402373
0.398211
0.394020
0.389668
0.385049
0.380120
0.374867
0.369250
0.363215
0.356766
0.349961
0.342857
0.335493
0.327915
0.320193
0.312399
0.304580
0.296802
0.289219
0.282015
0.275249
0.268810
0.262531
0.256296
0.250071
0.243883
0.237759
0.231677
0.225566
0.219377
0.213153
0.206972
0.200833
0.194611
0.188159
0.181447
0.174572
0.167626
0.160669
0.153785
0.147055
0.140547
0.134326
0.128440
0.122872
0.117552
0.112410
0.107381
0.102386
0.097380
0.092372
0.087370
0.082344
0.077285
0.072223
0.067184
0.062158
0.057122
0.052084
0.047090
0.042184
0.037370
0.032647
0.028033
0.023568
0.019287
0.015202
0.011289
0.007481
0.003697
-0.000129
-0.004014
-0.007919
-0.011789
-0.015582
-0.019234
-0.022645
-0.025744
-0.028553
-0.031159
-0.033661
-0.036130
-0.038556
-0.040840
-0.042880
-0.044649
-0.046199
-0.047620
-0.049022
-0.050497
-0.052092
-0.053871
-0.055912
-0.058239
-0.060790
-0.063444
-0.066048
-0.068468
-0.070663
-0.072636
-0.074372
-0.075862
-0.077116
-0.078145
-0.078966
-0.079607
-0.080115
-0.080535
-0.080890
-0.081179
-0.081396
-0.081567
-0.081718
-0.081856
-0.081973
-0.082066
-0.082144
-0.082207
-0.082237
-0.082223
-0.082160
-0.082049
-0.081895
-0.081703
-0.081471
-0.081198
-0.080885
-0.080531
-0.080132
-0.079684
-0.079189
-0.078649
-0.078067
-0.077446
-0.076790
-0.076102
-0.075379
-0.074621
-0.073829
-0.073008
-0.072161
-0.071287
-0.070385
-0.069456
-0.068501
-0.067523
-0.066522
-0.065499
-0.064456
-0.063396
-0.062324
-0.061242
-0.060151
-0.059049
-0.057937
-0.056815
-0.055682
-0.054538
-0.053383
-0.052218
-0.051044
-0.049859
-0.048667
-0.047467
-0.046263
-0.045055
-0.043843
-0.042629
-0.041412
-0.040195
-0.038976
-0.037759
-0.036544
-0.035332
-0.034125
-0.032923
-0.031727
-0.030538
-0.029356
-0.028183
-0.027019
-0.025865
-0.024721
-0.023588
-0.022467
-0.021358
-0.020263
-0.019182
-0.018116
-0.017065
-0.016030
-0.015011
-0.014010
-0.013027
-0.012063
-0.011117
-0.010192
-0.009287
-0.008404
-0.007542
-0.006702
-0.005885
-0.005092
-0.004322
-0.003578
-0.002858
-0.002163
-0.001495
-0.000853
-0.000238
0.000349
0.000909
0.001440
0.001943
0.002416
0.002860
0.003275
0.003658
0.004012
0.004334
0.004625
0.004884
0.005112
0.005307
0.005470
0.005600
0.005697
0.005761
0.005792
