-0.000460
-0.000456
-0.000454
-0.000453
-0.000456
-0.000459
-0.000435
-0.000354
-0.000229
-0.000320
-0.000694
-0.001120
-0.001100
-0.000052
0.001212
0.000814
-0.001227
-0.002206
0.000063
0.003154
0.004868
-0.001191
-0.008563
-0.009882
-0.002812
0.007521
0.010804
0.004640
-0.010139
-0.022516
-0.020335
0.001267
0.026076
0.037654
0.032470
0.000900
-0.044130
-0.042261
-0.011508
0.007780
0.029336
0.049737
0.032914
0.009589
-0.000751
-0.016853
-0.040119
-0.055102
-0.060027
-0.058718
-0.037897
-0.000593
0.103984
0.150371
0.132442
0.066405
-0.009025
-0.040390
-0.087272
-0.110388
-0.089611
-0.100518
-0.084109
-0.037660
-0.009490
0.016817
0.069547
0.115157
0.107029
0.042005
-0.022615
-0.054389
-0.032661
0.004215
0.014151
0.001438
0.015963
0.016356
-0.018054
-0.048952
-0.017744
0.050860
0.064036
0.038311
-0.106670
-0.172560
-0.130461
-0.069352
0.064707
0.064745
-0.041571
-0.054588
0.003231
0.089944
0.145948
0.185345
0.082972
-0.041340
-0.135518
-0.203283
-0.166986
-0.067484
0.017975
0.072733
0.080100
0.079921
0.120309
0.148139
0.065258
-0.044971
-0.140646
-0.090919
-0.006594
0.016389
0.036938
0.014966
-0.017800
-0.048945
-0.110871
-0.142098
-0.137386
-0.100362
0.002107
0.103875
0.145290
0.135414
0.066969
-0.045687
-0.064667
-0.022501
-0.013181
0.018061
0.040176
0.037070
0.042886
0.027244
-0.001435
-0.014388
-0.020881
-0.051328
-0.070327
-0.069669
-0.063421
-0.023398
0.023462
0.017700
-0.026802
-0.049722
-0.049596
0.001314
0.053176
0.076235
0.073673
0.046386
-0.005287
-0.042935
-0.056317
-0.063925
-0.058594
-0.041024
-0.019183
0.012228
0.036834
0.002632
-0.088521
-0.105045
-0.052287
-0.009123
0.046496
0.077691
0.020180
0.006529
0.012461
-0.049408
-0.105763
-0.093615
-0.038571
0.093797
0.146508
0.075806
0.026626
0.003787
-0.035717
-0.039378
-0.002894
0.071479
0.175364
0.121225
-0.029349
-0.119773
-0.078105
-0.065871
-0.046018
-0.059142
-0.086160
-0.050081
-0.006446
0.024109
0.043544
0.022425
-0.004057
-0.043335
-0.063533
-0.023558
0.080411
0.147766
0.087407
-0.046654
-0.153355
-0.149236
-0.100385
-0.085879
-0.093600
-0.078629
-0.063441
-0.046163
-0.010049
0.028745
0.081918
0.141083
0.223794
0.268858
0.169009
0.094540
0.028990
-0.015575
-0.042219
0.035023
0.107046
0.177966
0.233744
0.167326
0.127503
0.139102
0.159794
0.195935
0.242428
0.236102
0.192142
0.135012
0.090494
0.192764
0.296017
0.292060
0.280571
0.219674
0.133086
0.122784
0.196351
0.221650
0.178002
0.157429
0.116783
0.062827
0.018505
-0.033197
-0.056277
-0.039950
-0.055380
-0.085285
-0.107427
-0.132872
-0.157002
-0.136028
-0.057238
-0.001728
0.034398
0.112914
0.203524
0.314817
0.367765
0.385166
0.359056
0.284351
0.220401
0.119006
-0.045390
-0.096224
-0.165460
-0.313023
-0.365719
-0.301220
-0.258626
-0.212388
-0.125815
-0.021491
0.082622
0.145373
0.082865
0.031610
-0.010845
0.004612
0.034837
0.010792
-0.017767
-0.040165
-0.091105
-0.147139
-0.242447
-0.288445
-0.261373
-0.237012
-0.230928
-0.212235
-0.138423
-0.071397
0.010994
0.097391
0.083024
0.117171
0.166433
0.193088
0.244598
0.318717
0.369963
0.321261
0.239758
0.205673
0.148309
0.090385
0.035405
-0.052435
-0.157250
-0.229055
-0.240844
-0.240317
-0.246609
-0.261705
-0.238239
-0.231121
-0.322684
-0.421534
-0.480156
-0.523892
-0.460675
-0.370212
-0.300759
-0.259219
-0.231511
-0.145408
-0.100562
-0.067398
0.003502
0.088352
0.142570
0.210143
0.284157
0.280312
0.237418
0.178438
0.123629
0.077207
0.046225
0.059084
0.003364
-0.099592
-0.195890
-0.387018
-0.426640
-0.428763
-0.429530
-0.350748
-0.211315
-0.075236
0.012099
0.083651
0.142889
0.125124
0.099238
0.122360
0.119717
0.088806
0.077582
0.070157
0.038577
-0.009014
-0.013184
-0.015484
-0.002736
-0.005528
-0.041688
-0.074715
-0.074910
-0.072592
-0.067351
-0.070373
-0.074970
-0.037670
0.011684
0.064965
0.109444
0.139517
0.150005
0.138625
0.132164
0.093049
0.024318
0.006785
0.022986
0.029515
0.050412
0.082621
0.106886
0.112997
0.090951
0.039947
0.008198
-0.023608
-0.054175
-0.055089
-0.033964
-0.009452
-0.001546
0.012829
0.031575
0.068560
0.086581
0.028287
-0.072566
-0.106930
-0.125391
-0.172760
-0.189857
-0.188508
-0.128086
-0.012899
0.067484
0.116388
0.172337
0.193630
0.155291
0.111346
0.130589
0.184068
0.171351
0.107994
-0.019870
-0.096306
-0.105032
-0.068385
-0.015893
0.071921
0.117050
0.082530
0.070166
0.066944
0.069168
0.074607
0.045519
0.000512
-0.022848
-0.020009
-0.028591
-0.058136
-0.100816
-0.110687
-0.114367
-0.081335
-0.036544
0.009243
0.045201
0.036324
-0.007812
0.015273
0.001410
-0.033577
0.001128
0.050910
0.040076
-0.001186
-0.045206
-0.058551
-0.050211
-0.077425
-0.127512
-0.153849
-0.108769
0.006210
0.122574
0.172598
0.106486
0.014590
-0.129180
-0.109007
-0.051588
-0.048200
-0.020895
0.017311
0.061246
0.061694
0.008954
0.009733
0.054073
0.062318
0.064395
0.086223
0.064683
0.010664
-0.041292
-0.113291
-0.138269
-0.168420
-0.236709
-0.284089
-0.148189
-0.008140
0.053524
0.134114
0.210314
0.150668
-0.014913
-0.095740
-0.212300
-0.062697
0.106863
0.085053
0.003730
-0.062117
-0.098339
-0.124785
-0.116004
-0.096287
-0.019767
0.092512
0.111812
0.165976
0.133307
0.035643
-0.034067
-0.091984
-0.187662
-0.248708
-0.229887
-0.185391
-0.122175
-0.046745
0.009718
0.055965
-0.041874
-0.097806
-0.100965
-0.074724
0.029908
0.059141
0.009040
-0.008639
-0.003586
0.034357
0.058809
0.052009
0.072178
0.120941
0.075457
-0.018440
-0.057760
-0.090176
-0.157462
-0.155915
0.002155
0.128291
0.127587
0.110839
0.068621
0.055499
0.002088
-0.075910
-0.101017
-0.078199
-0.070032
-0.067059
-0.077053
-0.117212
-0.166359
-0.198261
-0.233214
-0.247883
-0.241230
-0.211293
-0.171458
-0.108455
0.038638
0.137145
0.173330
0.219171
0.207172
0.154322
0.124368
0.100438
0.125082
0.208836
0.213437
0.286901
0.431270
0.545906
0.412780
0.106398
0.048042
0.004453
-0.097054
-0.127852
-0.260001
-0.447286
-0.667208
-0.687430
-0.670110
-0.648681
-0.585825
-0.555401
-0.499625
-0.414838
-0.328752
-0.301518
-0.111363
0.033003
0.130476
0.218752
0.327410
0.507690
0.626154
0.638304
0.618010
0.534666
0.483988
0.319132
0.060905
-0.196375
-0.543213
-0.489926
-0.098373
0.089945
0.329038
0.356017
0.160073
0.160359
0.187963
0.030714
-0.133197
-0.272998
-0.316645
-0.192021
-0.081571
0.000476
0.058553
0.173518
0.114428
-0.046713
-0.120835
-0.104458
0.037862
0.046649
0.078561
0.164381
0.241653
0.233893
0.146356
0.091132
0.087741
0.125084
0.087680
-0.058848
-0.099400
-0.089669
-0.053612
-0.046513
-0.067156
0.017027
0.117763
0.094774
0.021999
0.000944
0.056760
0.062068
-0.018965
-0.054978
-0.067057
-0.114829
-0.193257
-0.238375
-0.151695
0.008409
0.134494
0.238082
0.232340
0.081630
-0.025810
-0.008093
0.026756
-0.007300
-0.036270
0.045868
0.111361
0.089402
0.095762
0.050635
0.020004
0.031967
-0.016660
-0.033675
0.028605
0.026390
-0.040306
-0.016432
0.057158
0.105449
0.097927
0.068014
0.100532
0.090114
0.011788
-0.054749
-0.125277
-0.177430
-0.172138
-0.082335
0.007059
0.090565
0.188691
0.316176
0.344524
0.192183
0.061456
0.025994
-0.039428
-0.118486
-0.149958
-0.132738
-0.025545
0.061575
0.092071
0.120484
0.102878
0.013407
-0.000238
0.042600
0.024167
-0.029776
-0.133586
-0.168353
-0.172862
-0.084160
0.024321
0.115050
0.194681
0.251565
0.334298
0.347030
0.191002
0.018818
-0.068484
-0.246431
-0.255584
-0.223685
-0.130815
-0.086439
-0.105018
-0.048422
0.020198
0.016214
-0.068675
-0.133621
-0.113320
-0.116205
-0.097377
-0.079487
-0.062132
0.065019
0.243773
0.331899
0.389003
0.450636
0.293297
0.160571
0.108832
-0.014761
-0.063667
-0.077089
-0.217397
-0.306713
-0.287965
-0.335548
-0.413402
-0.407252
-0.144005
-0.030569
0.125903
0.604518
0.111598
-0.001355
0.124232
-0.027695
-0.031148
-0.000518
0.014159
0.095816
0.124770
0.093842
0.057616
0.064548
0.085580
0.164535
0.192857
0.106240
-0.037346
-0.003959
-0.005381
-0.128465
-0.351050
-0.489322
-0.372931
-0.237896
-0.090955
0.014681
0.016154
-0.040582
-0.059050
0.053521
0.173579
0.311386
0.377818
0.247832
0.127020
0.019733
-0.091839
-0.175839
-0.246684
-0.322359
-0.302137
-0.248853
-0.106087
0.141943
0.291914
0.315548
0.289550
0.274065
0.319710
0.432729
0.417957
0.378348
0.277098
0.103078
0.029557
-0.211755
-0.257028
-0.211034
-0.142103
0.105511
0.163487
0.013440
-0.217657
-0.289114
-0.299619
-0.308520
-0.281492
-0.286999
-0.261709
-0.179443
-0.104369
-0.031126
0.093925
0.059814
-0.106406
-0.192850
-0.184143
-0.216688
-0.240518
-0.226444
-0.167927
-0.036587
0.051019
0.152334
0.353325
0.398074
0.426640
0.450055
0.358090
0.192308
0.094163
-0.058882
-0.111770
-0.124182
-0.161570
-0.211474
-0.117616
0.134009
0.091082
0.090909
0.095922
0.082467
0.087654
0.083045
0.084984
0.076051
0.063336
0.012272
-0.007276
-0.019609
-0.169940
-0.056519
0.003676
0.002574
-0.019547
-0.107573
-0.187672
-0.155876
-0.102525
-0.098662
-0.065375
-0.001661
0.014769
0.035723
0.046809
0.036395
0.039389
0.078489
0.175403
0.230867
0.246334
0.245097
0.166717
0.146834
0.060936
-0.129342
-0.277902
-0.337350
-0.396928
-0.213073
-0.033549
-0.039556
-0.019033
-0.025346
-0.066632
-0.064573
-0.053921
-0.047186
-0.029621
-0.004341
0.055903
0.192262
0.199476
0.151571
0.131692
0.042297
-0.071487
-0.186670
-0.271970
-0.284621
-0.250805
-0.049053
0.059560
0.013887
0.044965
0.009757
-0.038229
-0.010711
0.012166
0.056863
0.047208
0.008536
-0.007435
-0.031788
-0.067463
-0.080100
-0.062944
-0.023650
-0.018893
0.008237
0.057050
0.025588
-0.020292
-0.033358
-0.022362
-0.014252
-0.012245
0.010711
0.023282
0.008879
-0.002069
-0.002084
0.007700
0.034583
0.060663
0.081421
0.094617
0.088770
0.059921
0.022358
-0.043801
-0.109186
-0.123273
-0.131748
-0.097677
-0.060258
-0.044804
-0.020205
0.004777
0.019684
0.016173
0.020618
0.024681
0.022089
0.014549
0.006609
-0.003425
0.005456
0.039878
0.046581
0.027186
-0.003642
-0.012927
-0.003813
-0.003679
-0.007817
-0.023251
-0.037073
-0.035838
-0.039513
-0.020071
-0.020002
-0.044378
-0.041061
-0.007947
0.022481
0.051045
0.089152
0.089407
0.082820
0.054565
0.029412
0.039609
0.019336
-0.029165
-0.037983
-0.053894
-0.045662
-0.011525
0.019379
0.039605
0.031713
0.027399
0.028510
0.016285
0.019818
0.036806
0.039866
0.043472
0.050748
0.053480
0.046003
0.015003
-0.019361
-0.030595
-0.057481
-0.088945
-0.087350
-0.069489
-0.035857
0.011614
0.048714
0.050893
0.052661
0.055622
0.050751
0.050031
0.053303
0.055462
0.058263
0.058816
0.053046
0.042311
0.027458
0.026365
0.027410
0.032494
0.025769
0.006432
0.005383
0.018797
0.038421
0.042385
0.029208
0.015431
0.000011
-0.014524
-0.019757
-0.011384
0.011333
0.026614
0.026428
-0.000025
-0.007419
0.021437
0.042013
0.034019
0.045785
0.070671
0.070174
0.062918
0.051041
0.035078
0.026077
0.027112
0.021226
0.016249
0.014006
0.007068
0.000824
-0.004194
-0.010089
-0.010240
-0.008573
-0.011042
-0.001863
0.012143
0.025780
0.026949
0.007691
-0.016161
-0.039627
-0.054178
-0.056439
-0.042566
-0.017330
0.001709
0.018059
0.016485
0.021724
0.018505
0.016743
0.017782
0.012669
0.008950
0.005017
0.000280
-0.005329
-0.009108
-0.001985
0.002372
0.000823
-0.004559
0.000679
0.005296
0.004646
0.001140
-0.002027
-0.005047
-0.010017
-0.011851
-0.009543
-0.010073
-0.012582
-0.012364
-0.009519
-0.010684
-0.011920
-0.009282
-0.009702
-0.009108
0.000862
0.012426
0.030302
0.035222
0.018956
0.010445
0.006184
0.003274
0.006432
0.004862
-0.000041
-0.004902
-0.008478
-0.011174
-0.007785
-0.003552
-0.006493
-0.005784
-0.002308
-0.007180
-0.015693
-0.015565
-0.013446
-0.017783
-0.020392
-0.020582
-0.016506
-0.011529
-0.008483
-0.002241
-0.001390
-0.007822
-0.011732
-0.015134
-0.015795
-0.009981
-0.008645
-0.009756
-0.005660
-0.002108
-0.001145
-0.005047
-0.009734
-0.009632
-0.005214
-0.005574
-0.013204
-0.017235
-0.024416
-0.033963
-0.029928
-0.020635
-0.022104
-0.016907
-0.006560
-0.002221
0.002717
0.008056
0.000882
-0.009306
-0.018903
-0.017448
-0.014685
-0.009570
-0.000362
0.006676
0.010091
0.004993
0.001879
-0.000673
-0.012088
-0.020992
-0.024012
-0.026881
-0.027514
-0.019316
-0.014107
-0.011883
-0.009704
-0.006557
-0.004115
-0.002444
-0.005133
-0.008406
-0.008402
-0.004755
-0.002861
-0.004994
-0.010276
-0.012711
-0.014697
-0.008230
-0.003190
-0.000108
0.008403
0.015812
0.020404
0.010590
-0.000960
-0.005716
-0.017410
-0.032490
-0.039843
-0.037866
-0.036784
-0.026929
-0.010185
0.001291
0.012518
0.015976
0.007940
0.002728
-0.001567
-0.008725
-0.008993
-0.005585
-0.010128
-0.009647
-0.000107
0.006776
0.011460
0.010943
0.001782
-0.004419
-0.009306
-0.008824
-0.004692
-0.002471
-0.003291
-0.007910
-0.009561
-0.004835
0.010893
0.024553
0.027559
0.026629
0.020921
0.010453
0.002673
0.000466
0.014068
0.021419
0.021952
0.011499
-0.004507
-0.013517
-0.013182
-0.012000
-0.003224
0.014121
0.021530
0.021761
0.027487
0.022498
0.017260
0.015425
0.012030
0.019641
0.027244
0.029909
0.023512
0.013089
0.008603
0.000504
-0.001934
0.008700
0.005782
0.006197
0.007415
0.005380
0.011630
0.018263
0.020286
0.012557
-0.003660
-0.012416
-0.005609
-0.001704
0.001109
-0.001411
0.003639
0.009447
0.008120
0.005241
0.005731
0.007423
0.007360
0.003843
0.002058
0.001243
0.005214
0.010233
0.010446
0.005828
-0.001448
-0.007004
-0.006689
-0.009252
-0.012505
-0.013751
-0.013946
-0.007870
-0.002396
0.006123
0.014513
0.018605
0.021641
0.015169
0.005615
0.009336
0.009035
-0.008079
-0.019221
-0.019948
-0.022868
-0.017870
-0.012507
-0.008798
-0.000158
0.005353
0.004308
-0.001896
-0.005795
-0.010016
-0.012240
-0.010533
-0.011923
-0.013071
-0.013194
-0.011196
-0.004705
0.000620
0.006018
0.005037
0.003395
0.007016
0.003843
-0.004215
-0.010473
-0.012755
-0.012400
-0.013036
-0.009145
-0.006655
-0.005846
-0.006251
-0.005068
-0.002305
-0.000787
0.000859
0.002756
-0.000148
-0.009280
-0.015848
-0.014123
-0.004486
-0.001362
0.001814
-0.005216
-0.011037
-0.013237
-0.012448
-0.002678
0.006698
0.020200
0.021447
0.004844
-0.002265
-0.007957
-0.005071
-0.000112
-0.002555
0.000101
-0.000273
-0.003609
-0.004166
-0.004753
-0.006861
-0.009980
-0.011874
-0.014158
-0.016566
-0.018737
-0.016357
-0.006105
-0.000241
0.005903
0.013621
0.010297
0.005632
0.010990
0.007943
0.004005
0.001917
-0.005557
-0.011242
-0.015704
-0.021228
-0.020656
-0.017859
-0.017792
-0.014221
-0.010628
-0.003515
0.007007
0.010404
0.000220
-0.004406
-0.003165
0.003897
0.007991
0.011886
0.013047
0.000799
-0.006197
-0.011007
-0.018274
-0.011470
-0.004899
-0.003174
0.002529
0.003543
0.003669
0.007738
0.009535
0.008231
0.001002
-0.003707
-0.003974
-0.001071
0.001221
0.004810
0.007078
-0.000259
-0.005229
-0.006603
-0.009839
-0.013223
-0.010585
-0.006722
-0.007482
-0.006655
-0.004738
-0.004097
-0.003417
-0.005393
-0.008523
-0.009146
-0.003645
0.001066
0.000629
-0.001712
-0.000072
0.001491
0.001184
0.001680
0.002214
0.002517
0.003346
0.005217
0.005975
0.000597
-0.005119
-0.008411
-0.013389
-0.014171
-0.009843
-0.005111
0.000093
0.006599
0.012631
0.017666
0.011892
0.004784
0.002317
0.001403
0.004857
0.005100
0.004992
0.002716
0.000992
0.000952
0.002630
0.006931
0.010499
0.013796
0.016302
0.007116
0.000434
-0.003427
-0.008031
-0.005187
-0.010767
-0.017096
-0.019054
-0.020598
-0.007775
0.007215
0.017081
0.029337
0.025122
0.013209
0.006007
-0.005911
-0.006789
-0.007142
-0.005709
-0.003321
-0.001659
-0.001077
-0.000538
0.002211
0.004380
0.004707
0.003667
0.005385
0.007858
0.006298
0.001549
-0.000703
-0.003465
-0.000758
0.008470
0.012071
0.017575
0.023395
0.017419
0.012502
0.011170
0.006184
0.003289
0.004505
0.001657
-0.000174
0.001719
0.002352
0.002379
0.003253
0.002459
0.002164
0.006832
0.010659
0.009137
0.005580
0.005222
0.003254
0.003850
0.008163
0.008782
0.005061
0.002626
0.001997
0.006555
0.010908
0.012378
0.008875
0.006832
0.006283
0.006606
0.004727
0.001312
-0.000482
-0.003243
-0.002835
0.000354
0.001438
0.004063
0.007462
0.010606
0.015195
0.018964
0.014261
0.009551
0.004688
0.001165
0.005537
0.007307
0.007807
0.010880
0.013213
0.014174
0.008768
0.004777
0.002319
-0.002028
0.000379
0.006878
0.008030
0.004820
0.001904
0.000569
-0.002529
-0.002672
0.002629
0.004843
0.001472
-0.007455
-0.011782
-0.012898
-0.013109
-0.012001
-0.005651
-0.001800
0.000037
-0.001276
0.004236
0.008893
0.010923
0.013198
0.007919
0.004429
0.002505
-0.001407
-0.000730
0.000230
-0.003018
-0.004167
-0.004832
-0.005695
-0.005387
-0.006992
-0.008400
-0.009114
-0.009683
-0.005276
-0.001848
0.000328
0.004132
0.004632
0.001153
0.000633
-0.000596
-0.002597
-0.000967
0.000893
0.001353
-0.000074
-0.005432
-0.009749
-0.013724
-0.018383
-0.017233
-0.014125
-0.014959
-0.016869
-0.017376
-0.013848
-0.003598
0.002848
0.008894
0.008129
0.003459
0.003518
0.001048
-0.002062
-0.001593
-0.003871
-0.010455
-0.013732
-0.016932
-0.012543
-0.004556
-0.001356
0.004481
0.008395
0.004457
0.003806
0.003747
0.001419
-0.000048
-0.000791
0.001599
0.003348
0.004300
0.006337
0.005909
-0.000180
-0.003744
-0.006968
-0.011913
-0.015761
-0.009424
0.002487
0.006270
0.009872
0.015851
0.019899
0.017887
0.001866
-0.009861
-0.021298
-0.026476
-0.023260
-0.016041
-0.011624
-0.001651
0.008052
0.016318
0.019994
0.016237
0.016038
0.003591
-0.009333
-0.011357
-0.017586
-0.019674
-0.008334
-0.003621
0.001024
0.009243
0.011092
0.001443
-0.002728
-0.006412
-0.011851
-0.010189
-0.007525
-0.007644
-0.004634
0.001283
0.005345
0.008081
0.000105
-0.007441
-0.006825
-0.002270
-0.002119
-0.005803
-0.009509
-0.010379
-0.005008
-0.001557
-0.000183
-0.002409
-0.004753
-0.002623
0.002993
0.005838
0.009290
0.008818
0.001316
-0.000095
0.004392
0.000538
-0.001669
-0.001765
-0.004989
-0.007369
-0.009277
-0.008028
-0.001879
-0.000923
-0.001654
0.005822
0.011150
0.013086
0.006796
0.000794
-0.001978
-0.003898
-0.002869
-0.000633
0.000932
0.002565
0.001884
0.001556
0.001891
0.001404
0.000477
-0.001258
-0.002586
-0.003921
-0.005516
-0.005839
-0.003355
-0.002112
-0.000463
0.004220
0.008155
0.011932
0.008773
0.004248
0.001361
-0.004458
-0.009607
-0.012990
-0.012146
-0.006092
0.002161
0.007062
0.005968
-0.003001
-0.006213
-0.010283
-0.010288
-0.002789
-0.000810
0.003032
0.007634
0.003669
0.000540
0.000322
-0.000082
-0.000770
-0.001523
-0.002933
-0.002985
0.002410
0.005877
0.008052
0.005706
0.001172
0.004032
0.003239
-0.000300
0.001862
-0.000813
-0.005727
-0.004454
-0.000034
0.001282
0.000661
-0.002138
0.001461
0.007235
0.009077
0.012648
0.010802
0.004499
0.002655
-0.000838
-0.003755
-0.005698
-0.008463
-0.010856
-0.011519
-0.006061
0.003071
0.012439
0.015731
0.020637
0.023005
0.012933
0.002847
-0.012142
-0.005251
0.011033
0.009300
0.007869
0.013354
0.014717
0.015361
0.015792
0.008746
-0.001010
-0.009637
-0.009654
-0.008883
-0.002627
0.007468
0.006956
0.005130
0.003515
0.001596
-0.001108
-0.004705
-0.008237
-0.012632
-0.014583
-0.006384
0.001856
0.015850
0.015088
0.012510
0.009707
0.006283
0.009316
0.012834
0.002347
-0.005146
-0.008825
-0.016344
-0.011887
0.000111
0.003644
0.006605
0.004014
0.003516
0.003352
0.001555
0.003989
0.007744
0.009275
0.010386
0.005465
0.002037
-0.000167
-0.004102
-0.005120
-0.005540
-0.007327
-0.008215
-0.006054
-0.000596
0.002367
0.001862
-0.001428
-0.002104
-0.004108
-0.006767
-0.008029
-0.003785
-0.000054
0.001971
0.003119
-0.000481
-0.001841
-0.000456
0.001056
0.000282
-0.002232
-0.002124
0.002798
0.005439
0.000797
-0.008414
-0.011734
-0.012644
-0.010821
-0.003765
0.000537
0.004466
0.000393
-0.006080
-0.009972
-0.015177
-0.008674
-0.001565
-0.007727
-0.004847
0.002440
0.004570
0.008045
0.012489
0.007895
-0.001171
-0.002742
-0.005409
-0.009648
-0.004154
-0.000457
0.000370
-0.000688
-0.002830
-0.003536
-0.005289
-0.006672
-0.003016
0.000127
0.000003
-0.001136
0.002844
0.006722
0.008089
0.005955
0.002205
0.000704
-0.002165
-0.003191
0.001283
-0.000569
-0.002000
-0.000328
0.001034
-0.000566
-0.004191
-0.005461
-0.006836
-0.000907
0.005976
0.008235
0.010839
0.012478
0.009290
0.007646
0.006713
0.006948
0.008463
0.008491
0.005397
0.001386
-0.000941
-0.000477
0.003271
0.004120
0.006027
0.005855
0.001302
-0.000445
-0.002676
-0.002571
0.001400
0.002322
0.001035
-0.002133
-0.002117
-0.001730
-0.000966
0.001920
0.003331
0.001642
-0.000331
0.001568
0.000404
-0.001280
-0.000206
0.001076
0.001286
0.002097
0.001298
0.000141
0.003644
0.005522
0.004173
0.001290
0.000947
0.001812
0.001275
0.001065
0.001361
0.001341
0.001064
-0.001364
-0.003550
-0.001852
0.000730
-0.000740
0.000524
0.004551
0.007075
0.009515
0.005258
0.001060
0.001184
-0.001915
-0.004861
-0.003182
-0.000051
0.000523
-0.000845
-0.001631
-0.001902
-0.002169
-0.000215
0.004287
0.008569
0.001021
-0.001933
-0.003171
-0.007532
-0.006993
-0.003806
-0.000961
0.001623
0.004627
0.004369
0.003357
0.001946
-0.000390
-0.002227
-0.004576
-0.007500
-0.010025
-0.011717
-0.007502
-0.004583
-0.002552
0.002345
0.006087
0.006330
0.004746
0.002922
0.001275
0.002296
0.006473
0.005897
0.006616
0.008720
0.007446
0.003951
0.002540
0.000922
0.001850
0.002550
0.002413
0.002405
0.001436
0.002638
0.004010
0.004375
0.004885
0.001734
-0.000797
-0.002337
-0.001420
0.004226
0.006915
0.011007
0.012569
0.003462
-0.001242
-0.006021
-0.013458
-0.014464
-0.011386
-0.005732
-0.000470
0.003680
0.007009
0.011505
0.014525
0.008682
0.002154
-0.001605
-0.007914
-0.006994
-0.003163
-0.003741
-0.004991
-0.007356
-0.008687
-0.006651
-0.001398
0.000803
0.004187
0.008429
0.009017
0.006111
0.004001
0.000509
-0.002892
-0.004648
-0.000698
0.000691
-0.001395
0.001290
0.003445
0.003374
-0.000001
-0.003152
-0.003968
-0.001549
-0.000473
-0.001017
-0.002393
-0.002248
-0.001076
-0.001014
-0.000676
0.000025
-0.000715
-0.002882
-0.003923
-0.005028
-0.004252
-0.002948
-0.002753
-0.003394
-0.004239
-0.002040
0.000589
0.001592
0.002875
0.003307
0.001220
-0.002069
-0.005603
-0.007585
-0.001707
0.002242
0.003571
0.001124
-0.002262
-0.004569
-0.007025
-0.003424
-0.000939
-0.001396
-0.003063
-0.001815
0.001591
0.002696
0.005223
0.008661
0.009343
0.003527
-0.001216
-0.008670
-0.008765
-0.009019
-0.009004
-0.005112
-0.001972
0.001960
0.002307
-0.001914
-0.002711
-0.004415
-0.007926
-0.010457
-0.012958
-0.014859
-0.009864
-0.006434
-0.005447
-0.002696
0.000136
0.001111
-0.002041
-0.003745
-0.004274
-0.002213
-0.002085
-0.006155
-0.007673
-0.008599
-0.005566
-0.001374
0.000664
-0.001692
-0.009156
-0.011855
-0.009905
-0.005631
-0.004484
-0.003673
-0.005725
-0.006390
-0.004667
-0.003649
-0.003755
-0.005104
-0.005911
-0.006555
-0.006392
-0.003816
-0.002442
-0.003167
-0.005086
-0.004717
-0.002019
-0.000661
0.000601
0.002720
0.001943
-0.001225
-0.002047
-0.002939
-0.002472
-0.002278
-0.002642
-0.002968
-0.003154
-0.003443
-0.003349
-0.001594
-0.000370
-0.001550
-0.005814
-0.006121
-0.003138
-0.003107
-0.002929
-0.003519
-0.003567
-0.000875
0.000646
0.001822
0.000899
-0.002996
-0.004442
-0.004131
0.001612
0.005320
0.007950
0.007360
0.005621
0.005798
0.004673
0.003110
0.001808
0.000473
-0.000056
0.002720
0.004449
0.005641
0.005235
0.001513
0.002304
0.002957
0.001789
0.002215
0.002540
0.001760
0.000461
-0.000269
-0.001221
-0.002136
-0.000868
0.000592
0.001169
0.002233
0.001741
0.001147
0.001176
0.000685
0.000400
0.002870
0.006094
0.007621
0.006061
0.003404
0.002526
0.000509
-0.001473
-0.000160
0.003814
0.005570
0.006101
0.005187
0.006883
0.008409
0.008577
0.006734
0.003979
0.002499
0.000249
-0.001204
0.001507
0.002872
0.003594
0.005595
0.005546
0.003257
0.002694
0.001785
0.001135
0.001001
0.001806
0.004018
0.005163
0.006561
0.006589
0.005338
0.004620
0.002787
0.001237
-0.000229
-0.001831
-0.000914
0.001439
0.002100
0.003557
0.004315
0.003727
0.004947
0.006331
0.006048
0.003195
0.001394
0.000359
0.002040
0.003394
-0.000841
-0.005522
-0.007797
-0.010552
-0.004839
-0.000513
0.001508
0.006140
0.005236
0.000810
0.000481
0.000088
-0.000686
0.000950
0.002686
0.003634
0.005283
0.006902
0.008324
0.008745
0.001546
-0.003941
-0.007624
-0.010601
-0.009108
-0.009821
-0.007581
-0.003252
-0.001033
0.001445
-0.000484
-0.002540
-0.000592
0.003088
0.000072
-0.001325
0.000360
0.001374
0.001448
-0.000655
-0.003042
-0.003856
-0.001727
-0.000524
0.000070
0.001576
0.001511
0.001481
0.000876
-0.001535
-0.004193
-0.006242
-0.007597
-0.004622
-0.002762
-0.001666
0.000774
0.002016
-0.002317
-0.000414
0.001303
-0.002136
-0.002935
-0.003373
-0.004974
-0.003197
0.000320
0.001685
0.003799
0.002830
0.000204
0.000724
0.002809
0.003396
0.004301
0.004785
0.002342
0.001014
0.000140
0.000633
0.002152
0.002562
0.003001
-0.000024
-0.002488
-0.003995
-0.005619
-0.002950
-0.000190
0.001850
0.004313
0.003933
0.004017
0.004884
0.004798
0.004745
0.003899
0.002242
0.000560
-0.000934
-0.002670
-0.003937
-0.001940
-0.001228
-0.004742
-0.006389
-0.004946
-0.000375
0.003633
0.006299
0.003359
0.000749
0.000234
0.001781
0.005868
0.007681
0.007271
0.003593
0.002166
0.000203
-0.000412
0.002953
-0.000658
-0.005095
-0.006886
-0.006370
-0.002739
-0.000996
0.001119
0.003171
0.000741
0.000324
0.002512
0.002395
0.001206
0.000882
0.000284
-0.001640
-0.003103
-0.003796
-0.002605
-0.001852
-0.000135
0.001845
0.000369
-0.001097
-0.001285
-0.002483
-0.002207
-0.000752
-0.000486
0.000243
0.000773
0.000725
0.000872
0.000844
0.000768
-0.000169
-0.001662
-0.002540
-0.003694
-0.002776
0.001007
0.002759
0.003115
-0.000221
-0.002196
-0.003982
-0.006760
-0.004298
0.001049
0.001390
-0.000371
0.000190
0.000769
0.001001
0.000510
-0.001685
-0.004002
-0.006739
-0.007376
-0.003170
-0.001163
-0.000353
-0.001420
-0.001988
-0.002144
-0.002815
-0.002536
-0.002441
-0.002606
-0.002943
-0.003244
-0.003487
-0.003532
-0.001232
0.000566
-0.001772
-0.003711
-0.004116
-0.003345
-0.000804
-0.002562
-0.007072
-0.008230
-0.010461
-0.007184
0.000553
0.003789
0.005675
0.000772
-0.001873
-0.003652
-0.006536
-0.004316
-0.001668
0.000787
0.002218
0.001936
0.002770
0.001427
-0.000629
-0.001569
-0.002428
-0.002757
-0.003784
-0.007327
-0.009383
-0.008774
-0.009476
-0.005764
-0.002261
-0.001363
-0.003495
-0.003794
-0.001548
-0.002130
-0.003824
-0.000743
0.000848
0.000030
-0.001924
-0.002845
-0.003433
-0.002094
-0.000686
0.000028
0.001199
0.000174
-0.001278
-0.001401
-0.000207
0.000442
0.000634
-0.000479
-0.001605
-0.002000
-0.002089
-0.002373
-0.002072
-0.001408
-0.001121
-0.000633
0.000040
0.000587
0.001145
0.000954
0.000019
-0.000234
-0.000783
-0.001930
-0.001297
0.000469
0.000917
0.001763
0.000834
-0.001077
-0.001497
-0.000266
0.000580
0.000869
0.000100
-0.001317
-0.001894
-0.001551
-0.000563
-0.000299
-0.000725
-0.001408
0.000575
0.001652
0.002198
0.003471
0.002479
0.000162
-0.000617
-0.001816
-0.000621
0.001075
-0.000693
-0.002344
-0.002610
-0.002192
-0.000804
-0.000270
0.000500
0.001189
0.001855
0.002592
0.001765
-0.000857
-0.002069
-0.002768
-0.003616
-0.003475
-0.000937
0.002095
0.002016
-0.001220
-0.003155
-0.004906
-0.003414
-0.000332
0.000288
-0.001090
-0.002443
-0.002995
-0.003401
-0.001411
-0.000210
0.000390
-0.000573
-0.001604
-0.001897
-0.001569
-0.000817
-0.000647
-0.001296
-0.002201
-0.002644
-0.003315
-0.002921
-0.002033
-0.002300
-0.002657
-0.002477
-0.001704
0.000557
0.002069
0.002213
0.001564
0.001889
0.001753
0.001066
-0.000508
-0.001785
-0.002654
-0.002038
-0.001747
-0.001830
-0.001333
-0.000536
0.000201
0.000586
-0.000789
-0.001742
-0.002284
-0.002967
-0.001817
-0.001103
-0.000766
-0.000562
-0.002205
-0.003136
-0.002049
0.000051
0.001762
0.004262
0.001588
-0.001142
-0.001800
-0.003479
-0.002401
-0.001694
-0.002977
-0.004907
-0.005875
-0.006030
-0.003140
-0.000129
0.001882
0.001068
-0.004382
-0.004977
0.000260
0.002117
0.003746
0.004437
0.000178
-0.002020
-0.003715
-0.003833
-0.003623
-0.004248
-0.004145
-0.004225
-0.004878
-0.004359
-0.001795
-0.000255
0.001073
-0.000223
-0.003686
-0.003328
-0.002281
-0.001283
0.001404
0.003215
0.003941
0.003107
0.001818
0.001729
0.002031
0.000871
-0.000823
-0.001598
-0.001316
0.000604
0.001359
0.002297
0.003516
0.002450
-0.001161
-0.004426
-0.005449
-0.004561
-0.003920
-0.002026
0.000513
-0.000437
-0.003558
-0.002205
-0.000137
-0.000466
0.000194
0.000952
-0.000104
-0.001415
-0.000693
-0.000948
-0.001399
-0.000582
0.000254
0.000655
0.000638
-0.001119
-0.001096
0.000689
0.001336
0.001904
0.000850
-0.001169
-0.000781
-0.001193
-0.001566
0.000311
0.001258
0.000943
0.001120
0.001763
0.004413
0.007404
0.007875
0.002232
-0.004840
-0.010568
-0.013243
-0.001214
0.014440
0.019491
0.013318
0.003679
-0.002153
-0.002445
0.001207
0.004139
0.003389
-0.004081
-0.011184
-0.014020
-0.008805
0.002845
0.010344
0.011097
0.006188
0.003715
0.000966
-0.001563
0.002402
0.003566
-0.002595
-0.006076
-0.007778
-0.003602
0.007728
0.007125
0.003273
-0.001268
-0.003074
-0.006155
-0.006727
-0.000957
0.003702
0.005109
0.001693
-0.000520
-0.001584
-0.003937
-0.002237
0.000472
0.001569
0.003501
0.002168
-0.000881
-0.002028
-0.002059
-0.000290
0.002463
0.004739
0.002404
0.000488
0.000785
0.003034
0.002832
-0.002584
-0.005375
-0.007039
-0.003282
0.001472
0.003822
0.004960
0.000402
-0.001215
-0.000742
-0.000191
0.001539
0.001812
0.000376
-0.000344
0.000914
0.002088
0.001388
-0.000063
-0.000604
-0.001615
-0.001924
-0.002331
-0.000636
0.002644
0.004445
0.004687
0.001763
0.001067
0.000905
-0.000704
-0.001323
0.001018
0.002365
0.002504
0.001980
0.001887
0.002972
0.005096
0.006783
0.005695
0.001855
0.001260
0.001126
0.002886
0.003503
0.003615
0.004315
0.003202
0.001666
0.000615
-0.000948
-0.001853
-0.002388
-0.001051
0.002661
0.004615
0.004973
0.003552
0.005222
0.005699
0.002760
0.000415
-0.001617
-0.001556
0.000285
0.002147
0.004532
0.002967
-0.001593
-0.000444
-0.000064
0.000160
0.000771
-0.000061
-0.001030
0.001053
0.002918
0.004078
0.001553
-0.000349
-0.002773
-0.005641
-0.004554
-0.000016
0.004028
0.006171
0.005277
0.000841
-0.001669
-0.002546
0.000295
0.002559
0.004193
0.001831
-0.000486
-0.000901
-0.000264
-0.000373
-0.000847
0.001419
0.007610
0.013057
0.011146
0.003497
0.002068
0.003272
0.003719
0.005765
0.007338
0.004917
0.002264
0.000022
-0.003558
-0.004650
0.000422
0.011183
0.017187
0.015160
0.008683
0.001728
-0.004565
-0.002692
0.001909
0.004213
0.002132
-0.001756
0.003186
0.005866
0.005951
0.008315
0.004673
-0.009004
-0.020302
-0.022361
-0.013291
-0.001927
0.001357
-0.000662
-0.000848
0.002113
0.005269
0.011500
0.017107
0.007564
-0.010492
-0.014945
-0.014652
0.003930
0.023506
0.027421
0.011260
-0.020769
-0.018549
-0.008077
-0.011495
-0.007522
-0.000810
0.002429
0.000954
-0.000765
0.006864
0.018280
0.016067
0.007105
0.003309
-0.000275
0.003551
0.013255
0.018609
0.007978
0.004498
-0.000453
-0.012891
-0.019801
-0.015953
0.000665
0.010118
0.006631
0.000286
0.006601
0.018404
0.020447
0.020658
0.013955
-0.002692
-0.011446
-0.009873
-0.003651
0.012127
0.026467
0.015304
-0.010978
-0.025606
-0.026971
-0.011034
0.001734
-0.000573
-0.006103
-0.001747
0.010427
0.027581
0.037124
0.014113
-0.010313
-0.025086
-0.025070
0.018536
0.037155
0.029728
0.010736
-0.027871
-0.050432
-0.040895
-0.008807
0.016946
0.008606
-0.028520
-0.052661
-0.073873
-0.058951
-0.008306
0.022556
0.029890
0.004607
-0.010322
-0.009052
0.007656
0.028494
0.038091
0.029729
0.007504
-0.018016
-0.015791
0.002964
0.006814
-0.002670
-0.026807
-0.061281
-0.056078
-0.012897
0.010806
0.011756
0.033291
0.045941
0.034229
0.019038
-0.006426
-0.025880
-0.019095
-0.016229
-0.007081
0.014828
0.042705
0.034505
-0.005188
-0.016960
-0.011805
-0.022009
-0.020022
-0.020957
-0.010335
0.006066
-0.010430
-0.022908
-0.025508
-0.027989
-0.020865
-0.010306
0.015372
0.046629
0.048906
0.022556
-0.002880
-0.014036
-0.020382
-0.023083
-0.015516
-0.000861
-0.002303
0.001834
0.008396
0.004463
-0.003630
-0.013564
-0.024435
-0.015000
0.014981
0.028270
0.006826
-0.000697
0.003821
0.009099
0.019070
0.020425
0.023689
0.025564
0.015210
0.004109
-0.000499
-0.013011
-0.022910
-0.021948
-0.012543
0.000327
0.002633
0.005022
0.001790
0.001120
0.001249
-0.001093
-0.006581
-0.022556
-0.020325
0.000009
0.017832
0.014496
-0.000679
-0.014091
-0.013865
-0.020436
-0.025610
-0.026049
-0.021213
-0.016078
-0.011626
-0.007979
0.000004
0.008246
0.013654
0.013286
0.004967
-0.000779
-0.002275
0.004440
0.008497
-0.001764
-0.017676
-0.022638
-0.020940
-0.018053
-0.009567
0.002792
0.022232
0.047615
0.044402
0.030347
0.017907
-0.000884
-0.011767
-0.015932
-0.022868
-0.021687
-0.006156
0.007744
0.014992
0.015058
0.005467
-0.009494
-0.012985
-0.013388
-0.013409
-0.025615
-0.028874
-0.009191
0.015973
0.023360
0.027524
0.027948
0.020173
0.019734
0.014941
-0.001557
-0.009901
-0.019506
-0.030168
-0.011875
0.012995
0.018666
0.008750
-0.002936
-0.010301
-0.009199
-0.007292
-0.005339
-0.000855
-0.002215
-0.004316
0.003469
0.011159
0.012145
0.000121
-0.008193
-0.014883
-0.018266
-0.006450
-0.000764
0.003418
0.011963
0.009470
0.007349
0.000793
-0.012156
-0.017362
-0.017519
-0.007167
0.006534
0.010857
0.015422
0.010151
0.000883
-0.008710
-0.009866
-0.005358
-0.000445
0.003969
0.007010
0.005246
0.004853
0.008835
0.012515
0.015410
0.012622
0.009710
0.007870
0.004748
0.001476
-0.001661
0.001052
0.008736
0.012749
0.014696
0.008619
0.000403
-0.005504
-0.010845
-0.012009
-0.013875
-0.009527
-0.003811
0.003077
0.013042
0.020932
0.024844
0.023654
0.022723
0.021905
0.017868
0.012752
0.009044
0.004266
-0.000996
-0.005786
-0.007776
-0.004345
-0.001003
0.000346
-0.002238
-0.002725
-0.001907
-0.001676
-0.000650
-0.001084
-0.002503
-0.000711
0.003250
0.006409
0.009110
0.007752
0.004253
0.002375
0.003351
0.004759
0.000691
-0.003305
-0.005775
-0.005953
-0.004410
-0.004431
-0.000216
0.006927
0.010834
0.008283
0.005080
0.001778
0.001959
0.002890
0.003614
0.005557
0.009205
0.011345
0.009024
0.004229
0.003192
0.001949
-0.000833
-0.004287
-0.007755
-0.009945
-0.005072
0.000167
0.004283
0.009934
0.010014
0.005036
0.006624
0.005836
0.002582
0.002063
0.006345
0.009119
0.011346
0.013453
0.012051
0.008634
0.006866
0.005699
0.003151
0.001997
0.002525
0.002236
0.004012
0.005812
0.006698
0.006252
0.006044
0.007010
0.003590
-0.000215
-0.002168
-0.004730
-0.002462
0.000065
0.001041
0.003165
0.002658
-0.000057
-0.002270
-0.004023
-0.001584
0.001330
0.000893
0.001441
0.002886
0.002583
0.001079
0.001822
0.002950
0.000474
0.000092
0.001636
0.001218
-0.000200
0.001145
0.003920
0.005044
0.006422
0.003279
-0.001667
-0.003643
-0.007311
-0.010304
-0.005131
-0.002038
-0.001556
0.001408
0.004004
0.002793
0.000588
0.004102
0.006905
0.007791
0.006372
0.001044
-0.001699
-0.003809
-0.004952
-0.004917
-0.003514
-0.002058
-0.003062
-0.005905
-0.006734
-0.006093
-0.003157
-0.001773
-0.000155
-0.000892
-0.003843
-0.003085
-0.000495
0.000044
0.001009
0.001015
0.000659
0.001098
0.001864
0.002345
0.000563
-0.003024
-0.003743
-0.005093
-0.005589
-0.003694
-0.004325
-0.006789
-0.007404
-0.005910
-0.005584
-0.005457
-0.004667
-0.004803
-0.004598
-0.002752
0.000237
0.001885
-0.000359
-0.003291
-0.003375
-0.005079
-0.005546
-0.004312
-0.004802
-0.004889
-0.003200
-0.004109
-0.004658
-0.003255
-0.001955
-0.001652
-0.003159
-0.004042
-0.003212
-0.002287
-0.002228
-0.003255
-0.005203
-0.007045
-0.008339
-0.005410
-0.002729
-0.000932
-0.000946
-0.004268
-0.004956
-0.004615
-0.002044
-0.000539
0.000963
0.000689
-0.002223
-0.002998
-0.003929
-0.002884
-0.000218
0.000879
0.002285
0.003095
0.003918
0.003368
-0.000051
-0.001949
-0.003347
-0.001310
0.001595
0.003091
0.004741
-0.001225
-0.006167
-0.006009
-0.002999
0.000102
0.002252
0.001782
-0.002378
-0.003445
-0.003493
-0.000991
-0.000071
-0.003050
-0.005567
-0.006284
-0.003942
-0.000800
0.001429
0.003921
0.002793
0.000894
0.000207
-0.001093
-0.000014
-0.000086
-0.003502
-0.004340
-0.003520
-0.002591
-0.001215
-0.000207
-0.001279
-0.002105
-0.001897
-0.000687
0.001905
0.004293
0.005497
0.004089
0.002221
0.001577
0.002068
0.004073
0.005298
0.006515
0.004685
0.000569
-0.001064
-0.001493
0.000437
0.004129
0.004672
0.001873
0.001676
0.001516
0.002121
0.002766
0.002931
0.002026
0.000909
0.000800
0.002081
0.002742
0.003111
0.002067
0.001788
0.003896
0.004130
0.004677
0.005114
0.002755
0.002112
0.001705
0.001347
0.002110
0.002206
0.002279
0.002548
0.003211
0.003656
0.003345
0.000449
-0.001174
0.000637
-0.000179
-0.001827
-0.001756
-0.002030
-0.001910
-0.001798
-0.001683
-0.000569
0.000451
0.000733
0.000781
0.000546
-0.000441
-0.000984
-0.001892
-0.002995
-0.000912
0.002384
0.002708
0.004280
0.004371
0.003036
0.002974
0.002026
0.000865
0.000101
-0.001080
-0.002542
-0.003305
0.000003
0.003686
0.005078
0.003703
0.004076
0.003629
-0.001476
-0.004344
-0.002636
0.001852
0.003375
0.008090
0.009152
0.003396
0.002064
0.001561
0.000323
0.002222
0.001954
0.000538
0.001721
0.002423
0.002102
0.002160
0.002003
0.001781
0.001292
0.000160
-0.000987
-0.001676
-0.000240
0.001446
0.002209
0.002764
0.001797
0.001478
0.001431
0.001703
0.001914
0.001981
0.001539
0.000842
0.000527
0.001115
0.002169
0.001144
0.000043
0.001261
0.002664
0.003036
0.004062
0.005145
0.005364
0.005489
0.005956
0.006120
0.004878
0.002921
0.002062
0.002271
0.002180
0.001833
0.001884
0.001689
0.001495
0.002428
0.003874
0.004388
0.003026
0.001570
0.001853
0.002345
0.001007
-0.001448
-0.002845
-0.001800
0.000460
0.000747
0.001515
0.000290
-0.000686
-0.001103
-0.001607
-0.000562
-0.000081
-0.000429
0.000277
0.000929
0.001165
0.001348
0.000293
-0.000882
-0.002060
-0.003316
-0.003631
-0.002302
-0.001900
-0.001505
-0.001449
-0.001300
0.001493
0.003365
0.004751
0.003594
-0.001862
-0.004380
-0.007129
-0.006709
-0.002775
-0.000990
0.001978
0.005731
0.003810
0.001654
0.001551
-0.001437
-0.004424
-0.007215
-0.009933
-0.006121
-0.002791
-0.001009
0.002784
0.003728
0.000231
-0.000583
-0.001484
-0.002312
-0.001046
-0.001097
-0.002285
-0.001383
-0.000537
-0.000467
-0.000523
-0.001128
-0.001254
-0.000641
-0.001062
-0.002565
-0.002115
-0.001495
-0.001837
-0.002272
-0.002318
-0.001078
0.000275
0.001592
0.000804
-0.000848
-0.001705
-0.002716
-0.002360
-0.002066
-0.003524
-0.004603
-0.005005
-0.003969
-0.000362
0.002090
0.002163
-0.000066
-0.001092
-0.002278
-0.003782
-0.002211
-0.001858
-0.003478
-0.001526
-0.000424
-0.002028
-0.003221
-0.003634
-0.003849
-0.003192
-0.003037
-0.001866
-0.000561
-0.001274
-0.003081
-0.002997
-0.001595
-0.001139
-0.001676
-0.002596
-0.001551
0.000304
0.000757
-0.000569
-0.002741
-0.003359
-0.004588
-0.003085
-0.000656
-0.001378
-0.000906
-0.001020
-0.001703
-0.001778
-0.002129
-0.003063
-0.004701
-0.004548
-0.002239
-0.001779
-0.001608
-0.001090
-0.000964
-0.000764
-0.000578
-0.000641
-0.001349
-0.001669
-0.002116
-0.002917
-0.002481
-0.002306
-0.002449
-0.002568
-0.003318
-0.003798
-0.004219
-0.003822
-0.001921
-0.000506
-0.000181
-0.001863
-0.002564
-0.003117
-0.003425
-0.002402
-0.002506
-0.003157
-0.002528
-0.001450
-0.001271
-0.001026
-0.001596
-0.002695
-0.003161
-0.003725
-0.002784
-0.001572
-0.001445
-0.001139
-0.000513
-0.000187
-0.000266
-0.001203
-0.001740
-0.002085
-0.001757
-0.001251
-0.001121
-0.000913
-0.000877
-0.000844
-0.000836
-0.000842
-0.000970
-0.001204
-0.001310
-0.001342
-0.001338
-0.001016
-0.000763
-0.000952
-0.001446
-0.001378
-0.000995
-0.001044
-0.001582
-0.001846
-0.001662
-0.001219
-0.001304
-0.001495
-0.001473
-0.001690
-0.001768
-0.000993
-0.000242
-0.000019
0.000007
-0.000299
-0.000790
-0.001209
-0.001612
-0.001614
-0.001110
-0.000992
-0.000859
-0.000734
-0.000646
-0.000548
-0.000560
-0.000643
-0.000643
-0.000669
-0.000620
-0.000480
-0.000427
-0.000354
-0.000304
-0.000407
-0.000370
-0.000286
-0.000297
-0.000331
-0.000382
-0.000403
-0.000405
-0.000313
-0.000252
-0.000226
-0.000296
-0.000374
-0.000392
-0.000354
-0.000257
-0.000176
-0.000098
-0.000020
0.000032
0.000048
0.000009
-0.000002
0.000014
0.000084
0.000130
0.000119
0.000077
0.000075
0.000070
0.000113
0.000176
0.000182
0.000177
0.000191
0.000220
0.000260
0.000283
0.000302
0.000292
0.000295
0.000328
0.000356
0.000364
0.000380
0.000409
0.000450
0.000480
0.000503
0.000502
0.000507
0.000520
0.000528
0.000554
0.000588
0.000608
0.000631
0.000644
0.000651
0.000667
0.000683
0.000704
0.000729
0.000750
0.000770
0.000783
0.000796
0.000813
0.000832
0.000851
0.000868
0.000884
0.000899
0.000915
0.000931
0.000948
0.000965
0.000980
0.000994
0.001010
0.001024
0.001039
0.001055
0.001070
0.001084
0.001098
0.001112
0.001125
0.001138
0.001152
0.001165
0.001178
0.001190
0.001202
0.001214
0.001226
0.001238
0.001249
0.001260
0.001271
0.001282
0.001292
0.001303
0.001312
0.001322
0.001332
0.001341
0.001350
0.001358
0.001367
0.001375
0.001383
0.001391
0.001398
0.001405
0.001412
0.001419
0.001425
0.001431
0.001437
0.001442
0.001448
0.001453
0.001457
