0.000000
0.011542
0.023087
0.034635
0.046187
0.057744
0.069327
0.080979
0.092660
0.103993
0.114527
0.124645
0.135500
0.148990
0.167581
0.189148
0.206700
0.216972
0.224481
0.233281
0.236054
0.230688
0.231849
0.255099
0.301907
0.354772
0.389490
0.386575
0.336448
0.254086
0.182936
0.156250
0.168338
0.220147
0.288429
0.316910
0.331174
0.352947
0.367944
0.412782
0.533158
0.753267
0.919838
0.904921
0.789592
0.567813
0.215329
-0.091285
-0.164898
0.009723
0.322562
0.613642
0.823951
0.942830
0.820411
0.472426
0.239223
0.207949
0.272907
0.477948
0.828325
1.253310
1.631878
1.985462
2.309594
2.295543
1.758047
0.842829
-0.168543
-0.934205
-1.182965
-0.760376
0.190752
1.256998
2.163147
2.854725
3.352027
3.612011
3.482835
2.926431
2.000050
0.838994
-0.086309
-0.502984
-0.454408
0.060832
0.881560
1.809456
2.733041
3.452591
3.744714
3.551841
3.039784
2.370221
1.632974
1.125071
1.042074
1.291058
1.757932
2.428677
3.323681
4.284669
5.039875
5.442197
5.402418
4.663668
3.465305
2.200197
0.912053
0.029638
-0.134977
0.396955
1.642032
3.323191
4.713481
5.522274
5.745368
4.904055
3.347512
1.810906
0.338199
-0.844482
-1.288722
-0.940527
-0.088409
0.987773
1.940503
2.648543
3.186249
3.532358
3.857758
4.151207
4.278243
4.383286
4.381588
4.085566
3.579535
3.050055
2.771681
2.800844
3.060602
3.525770
3.952018
4.206310
4.277823
4.061493
3.560858
2.832279
1.970473
1.215310
0.730556
0.634460
0.973324
1.545100
2.214584
2.902749
3.537961
4.155918
4.802766
5.389504
5.794099
6.026139
6.009330
5.578124
4.804660
3.960275
3.269333
2.864743
2.758047
2.815988
2.831583
2.607077
2.154621
1.591781
0.968676
0.554664
0.580248
0.941717
0.988566
0.294878
-1.032987
-2.781183
-4.484753
-5.895793
-6.793831
-6.719454
-5.986192
-5.135863
-4.083158
-2.949552
-2.031634
-1.324249
-0.562765
0.341509
1.461702
2.983879
4.932181
7.173532
9.471643
11.493120
12.693760
12.893680
12.406530
11.226120
9.510312
7.858809
6.432964
5.136306
4.036761
3.074328
2.119759
1.061108
-0.135455
-1.286858
-2.209661
-2.952764
-3.730745
-4.427259
-4.742826
-4.789614
-4.660562
-4.287349
-3.784919
-3.342672
-3.093051
-3.264110
-3.964985
-4.852117
-5.411509
-5.485703
-5.397054
-5.707365
-6.608014
-7.804054
-9.098635
-10.351310
-11.478140
-12.630620
-14.001310
-15.731110
-17.801930
-19.762210
-21.411410
-23.110100
-25.041060
-27.122940
-29.307250
-31.462630
-33.399000
-35.041940
-36.364320
-37.346180
-37.947490
-38.113250
-37.803010
-36.971010
-35.569420
-33.672940
-31.421860
-29.094230
-26.959980
-24.925600
-22.693030
-20.130770
-17.271450
-14.091750
-10.890270
-7.997597
-5.372745
-2.716635
0.386317
3.624466
6.176172
7.932104
9.553546
11.168500
12.056550
12.327680
12.615610
13.076220
13.633180
14.246720
14.916940
15.618200
16.697290
18.211650
19.394350
19.544550
19.266660
20.220520
21.951770
22.770470
23.523040
25.458500
27.757720
29.303180
30.200550
30.764380
31.479850
32.744080
34.289910
35.740550
36.964590
38.191700
39.619020
41.242860
42.937630
44.699930
46.822780
49.342850
51.663070
53.419380
54.790240
55.822680
56.429710
56.696200
56.594440
55.984900
54.882300
52.951200
49.709930
45.102340
40.034960
35.720420
32.103540
28.808110
25.486650
21.870940
18.120690
14.358050
10.794320
7.379691
3.760659
-0.482880
-5.418070
-9.863557
-13.169610
-15.861540
-17.691070
-18.583460
-19.173550
-19.354340
-18.794640
-17.785070
-16.594010
-15.519550
-14.485510
-13.073900
-11.325700
-9.701023
-8.990285
-9.463360
-10.909590
-13.390900
-17.067420
-21.648040
-26.155310
-30.166010
-34.123990
-38.024820
-41.180300
-43.403150
-44.622620
-44.534390
-43.762510
-42.667740
-41.342690
-40.242850
-39.109360
-37.506370
-35.823670
-34.767020
-34.336740
-34.278790
-34.554610
-34.887340
-35.054140
-35.116740
-34.904920
-34.224130
-33.224670
-32.274370
-31.426830
-30.400280
-29.301040
-28.308160
-27.356890
-26.405500
-25.436060
-24.459540
-23.535940
-22.601690
-21.529990
-20.340270
-19.046720
-17.657490
-16.359530
-15.179850
-13.831720
-12.213000
-10.353970
-8.181972
-5.721634
-3.185625
-0.887881
0.952272
2.154309
2.666304
2.549241
1.851385
0.774822
-0.638501
-2.434371
-4.390080
-6.421676
-8.651798
-11.097080
-13.672960
-16.010940
-17.848400
-18.889260
-18.859330
-18.357190
-17.701190
-16.771990
-15.918020
-15.405160
-15.233980
-15.331050
-15.407070
-15.054660
-14.231190
-12.954450
-11.040040
-8.585986
-6.290770
-4.241000
-1.712780
1.117014
3.587033
5.524549
6.965770
7.966454
8.472935
8.233820
7.644474
7.309574
7.020157
6.453634
5.766566
5.385103
5.400645
5.503794
5.461669
5.303450
4.964745
4.178615
2.115251
-0.416311
-1.481336
-1.522517
-1.371674
-1.081617
-0.946806
-1.427175
-2.540710
-3.897757
-5.201023
-6.107665
-6.212578
-5.430089
-4.164398
-2.937370
-1.877225
-0.784590
0.277225
1.015984
0.853259
0.058754
-0.073402
0.301364
0.203221
-0.303329
-0.220122
0.865224
2.768493
5.151435
6.853720
7.658217
7.947858
7.638811
7.160865
6.955553
6.921133
6.717858
6.196400
5.163628
3.501241
1.465740
-0.668863
-3.653621
-8.433857
-14.624290
-19.685570
-22.323550
-22.722010
-19.919420
-14.471410
-8.944562
-4.668449
-0.634972
3.309086
6.526651
8.543796
9.109100
8.942386
8.847117
8.793438
7.555336
4.618096
0.909575
-1.592406
-1.654721
0.262435
2.139089
2.521592
2.341423
1.635925
0.382541
-0.630282
-1.453619
-2.483963
-3.853002
-5.543128
-6.918282
-7.645679
-8.125365
-8.631333
-9.225870
-9.733343
-10.069000
-10.359380
-10.563910
-10.533830
-10.163840
-9.474312
-8.565351
-7.476264
-6.069455
-4.371773
-3.377337
-3.667103
-4.719934
-6.209528
-7.799748
-9.295861
-10.446790
-10.911590
-10.663800
-9.750036
-8.807810
-8.326704
-8.076955
-7.627600
-6.751633
-5.612850
-4.173703
-2.338857
-0.250575
1.936150
4.074226
6.112416
8.089625
9.943255
11.559670
12.875730
13.889920
15.183290
17.177890
19.541240
22.305340
25.677810
29.594340
34.047200
38.701760
42.825790
46.083290
48.073830
48.686180
48.491940
47.931190
46.559660
43.605220
39.281310
33.701060
27.059980
20.690280
14.979640
9.726631
5.500875
2.272612
-0.357796
-2.386740
-3.918282
-6.220720
-10.125240
-15.483090
-21.163730
-25.297290
-28.207780
-30.426780
-31.301510
-30.928840
-29.900860
-28.563470
-26.631010
-23.154050
-17.382360
-10.597450
-4.859638
0.344363
5.957142
10.880890
14.378030
17.176440
19.981890
22.028620
21.831050
19.512650
17.925250
18.507470
19.739930
21.030370
21.615380
20.571170
17.762820
13.538380
9.164608
5.453189
2.579192
1.133864
1.239920
2.259657
4.021917
6.064228
7.442177
8.242102
9.152669
10.422510
11.747850
12.286640
11.896860
11.053400
9.433661
6.576862
3.139788
0.833634
0.515227
1.198476
2.076056
2.907241
3.525189
4.170885
5.012133
5.985222
7.071839
8.056024
8.682625
9.137939
9.660529
10.027970
9.903978
9.277049
8.188653
6.558324
4.188026
0.821807
-3.342278
-6.225946
-6.581670
-5.223037
-2.633736
-0.322005
1.563117
4.525832
8.253742
11.631830
13.597880
13.919060
12.969770
11.694500
10.640760
8.919254
5.824169
1.510656
-2.089116
-3.920715
-3.954887
-2.607870
-2.501157
-3.085325
-2.147748
-0.801362
0.218950
1.318045
2.492968
3.844100
5.158917
6.101508
6.960402
7.828566
8.345753
8.502196
8.408000
8.251378
8.433489
9.071372
9.944745
10.278810
9.727220
8.845207
7.687648
6.249727
5.055835
3.830687
1.768147
-0.287981
-1.211698
-1.758732
-2.952448
-3.855867
-3.256037
-1.420390
1.124283
3.208154
4.527323
5.915624
6.951933
7.409072
7.866995
8.131139
8.025102
8.184998
8.968663
10.288070
11.489730
11.489200
10.492950
9.199406
7.140146
4.159796
0.952423
-2.183703
-5.281380
-8.371497
-11.085790
-13.043260
-14.804560
-17.120570
-20.106140
-22.691420
-24.156350
-24.899110
-24.840100
-24.199830
-23.467200
-22.382190
-20.570670
-18.021760
-15.724560
-14.301140
-13.381660
-12.772930
-11.410780
-8.805327
-6.466185
-5.187008
-4.396719
-3.631820
-2.789035
-1.748914
-0.618190
-0.315924
-0.623977
0.442909
3.124771
6.133421
9.170890
11.933160
13.934110
15.276340
15.980000
16.015340
15.791960
15.795930
16.059860
15.655350
14.156440
12.248200
10.789590
10.507460
10.925410
10.430660
8.267575
2.722650
-7.244123
-16.787310
-23.451590
-29.400320
-34.046610
-37.352140
-40.332280
-41.798160
-41.287370
-39.541820
-36.434480
-31.376980
-23.855260
-15.947070
-9.596332
-3.988430
1.024686
5.605893
10.159910
14.769430
19.708660
25.118650
31.282980
38.037800
44.039960
48.220190
51.144060
53.837750
56.151540
57.249850
56.549250
54.225450
51.483070
49.611900
48.580790
48.119210
47.158490
44.048520
38.681590
33.028550
29.451250
27.497020
26.545030
25.672580
22.309690
16.089330
7.576435
-3.381763
-13.647780
-20.921410
-26.626440
-30.265100
-30.623740
-29.666780
-30.041520
-30.846920
-30.954760
-30.957070
-30.847530
-30.503360
-29.911610
-29.014500
-27.564150
-25.139250
-21.267350
-15.938840
-10.492080
-5.972042
-2.112731
0.822391
2.505413
3.235029
2.672108
0.414886
-3.290784
-7.288891
-9.834048
-10.742560
-10.185510
-8.416840
-6.681956
-5.496500
-4.956282
-5.157412
-5.939959
-7.265088
-9.352910
-12.101070
-15.302660
-19.272870
-23.466510
-25.773640
-25.632930
-23.423150
-19.555510
-16.548680
-15.142560
-14.107110
-13.093930
-11.551060
-9.291484
-6.590929
-3.562255
-0.444427
2.466370
5.217547
7.978298
10.839100
13.824890
16.850930
19.812970
22.405160
24.034800
24.430150
23.577080
21.144350
16.716790
11.879830
8.162371
4.822207
1.918764
0.330303
0.195283
0.291752
-0.165009
-0.177507
0.535458
1.412734
2.517092
3.887122
5.357682
6.790841
7.842135
8.078180
7.373028
5.869990
3.528474
0.318375
-3.596203
-7.700108
-11.028360
-12.746130
-12.719810
-11.448550
-9.978555
-8.583106
-6.784987
-4.957766
-3.683087
-2.935456
-2.628983
-2.908800
-3.678291
-4.751486
-6.075523
-7.210378
-7.802216
-8.001161
-7.715772
-6.773842
-5.291972
-3.454341
-1.514671
0.292199
1.956127
3.265587
4.032710
4.348994
4.209748
3.772966
3.425657
3.230297
3.069309
2.932635
2.770427
2.559732
2.261899
1.737930
0.825930
-0.364946
-1.560461
-2.703309
-3.723081
-4.345904
-4.380139
-3.733497
-2.377662
-0.448840
1.796312
3.960016
5.934371
7.828653
9.550336
10.990960
11.963440
12.223730
11.845500
11.026360
9.674464
7.717957
5.326597
2.953735
1.146595
-0.099580
-0.531653
0.071783
0.312865
-0.385462
-1.163830
-2.009177
-2.894137
-3.611964
-4.448734
-5.472687
-6.466393
-7.028768
-6.794657
-6.000953
-5.070444
-4.241146
-3.613344
-3.117733
-2.696999
-2.351537
-2.003879
-1.551332
-0.977382
-0.243398
0.743377
2.004479
3.401558
4.906613
6.490997
7.817212
8.732639
9.285145
9.408941
9.198190
8.858437
8.387335
7.734884
6.924991
5.791123
4.223650
2.342588
0.164466
-2.212226
-4.668246
-7.212314
-9.410001
-10.754360
-10.937070
-10.205020
-9.505971
-9.133469
-8.877108
-8.639715
-8.282719
-7.748207
-6.984182
-6.114695
-5.456515
-5.120570
-5.038169
-4.890679
-4.375444
-3.519315
-2.635227
-2.167189
-2.049090
-2.035700
-2.177359
-2.492297
-2.990508
-3.748501
-4.873629
-6.592794
-8.885359
-10.616140
-10.970550
-10.318080
-9.222488
-8.403420
-7.766398
-6.686658
-5.323900
-4.067528
-2.863190
-1.493847
0.071212
1.616700
2.988903
4.213788
5.091598
5.495769
5.651644
5.706926
5.760555
5.845671
5.850412
5.803459
5.808802
5.825288
5.746608
5.578109
5.395288
5.238829
5.015779
4.628869
4.073708
3.311628
2.332158
1.192001
-0.082012
-1.360164
-2.311155
-2.801351
-2.906621
-2.788824
-2.608890
-2.344919
-1.908728
-1.253201
-0.461688
0.318323
0.999721
1.563915
2.069750
2.653312
3.315740
3.933909
4.396384
4.681996
4.873732
5.030023
5.113328
5.043568
4.741642
4.262464
3.777336
3.309645
2.779043
2.129694
1.326277
0.363932
-0.592395
-1.277694
-1.637634
-1.773232
-1.743589
-1.553968
-1.126325
-0.390494
0.651161
1.895325
3.198312
4.417000
5.446112
6.187918
6.467672
6.398296
6.232507
6.030096
5.844107
5.666035
5.412423
5.077574
4.698416
4.304993
3.940113
3.602199
3.276602
2.922520
2.453358
1.825548
1.011041
0.196903
-0.314020
-0.335962
-0.042643
0.263783
0.574230
0.909521
1.278477
1.642830
1.928466
2.078426
2.068742
2.015602
2.033600
2.048433
1.982852
1.848433
1.648612
1.390808
1.061723
0.656964
0.196932
-0.332608
-0.878342
-1.329423
-1.629692
-1.705742
-1.582729
-1.357929
-1.009968
-0.584736
-0.196630
0.110701
0.294698
0.279534
0.078312
-0.145468
-0.265124
-0.334762
-0.435141
-0.562284
-0.733758
-0.996552
-1.376873
-1.880031
-2.478225
-3.153902
-3.859328
-4.451577
-4.871838
-5.130296
-5.239507
-5.378481
-5.623052
-5.845010
-6.001116
-6.088254
-6.070108
-5.934577
-5.704161
-5.406005
-5.066800
-4.727145
-4.469693
-4.352147
-4.339616
-4.390023
-4.433731
-4.366426
-4.218308
-4.130573
-4.099534
-4.061042
-4.074644
-4.161162
-4.311088
-4.568973
-4.940011
-5.334675
-5.669438
-5.930592
-6.096997
-6.133114
-6.061249
-5.971878
-5.987592
-6.207826
-6.664470
-7.297570
-7.992351
-8.730032
-9.560402
-10.353230
-10.881280
-11.109420
-11.264400
-11.532760
-11.797220
-11.898600
-11.817590
-11.548470
-11.186910
-10.881120
-10.573730
-10.171130
-9.660038
-9.002356
-8.245504
-7.491014
-6.804143
-6.268201
-6.029112
-6.096459
-6.302936
-6.606701
-6.991859
-7.387611
-7.747848
-8.040766
-8.246404
-8.352497
-8.448948
-8.578695
-8.611994
-8.460515
-8.156159
-7.793076
-7.462741
-7.145961
-6.780529
-6.399297
-6.101449
-5.918074
-5.801984
-5.663458
-5.431827
-5.127350
-4.861813
-4.751938
-4.807398
-4.984610
-5.226709
-5.450484
-5.571309
-5.532739
-5.279220
-4.883791
-4.462946
-4.040821
-3.658863
-3.357179
-3.160955
-3.071117
-3.058468
-2.974859
-2.636219
-2.173131
-1.791912
-1.450533
-1.130333
-0.927710
-0.873769
-0.924232
-1.052496
-1.120122
-0.981476
-0.699615
-0.369700
-0.074337
0.128870
0.223446
0.194778
0.079222
-0.023421
-0.020216
0.112992
0.374204
0.744809
1.203540
1.731083
2.287703
2.809724
3.235741
3.542916
3.781790
3.962642
4.038793
4.045054
4.003404
3.899692
3.792709
3.730020
3.685020
3.654379
3.609329
3.497904
3.338802
3.219549
3.166334
3.127680
3.017698
2.800567
2.616528
2.598095
2.727826
2.882129
3.037886
3.305447
3.668765
3.971731
4.120122
4.100066
3.937155
3.758794
3.639915
3.510706
3.339773
3.199076
3.133546
3.089130
2.991491
2.854653
2.716390
2.560808
2.380702
2.178333
1.948561
1.693467
1.461540
1.316771
1.321494
1.455041
1.599818
1.767843
2.015183
2.307749
2.629712
2.919780
3.113649
3.247457
3.353737
3.428648
3.436695
3.329802
3.091727
2.755724
2.357058
1.960305
1.725139
1.672353
1.600547
1.431243
1.231988
1.049478
0.884822
0.693750
0.510004
0.405801
0.395444
0.463726
0.577285
0.691644
0.810118
0.939729
1.013395
1.005639
0.959161
0.957800
1.024238
1.063167
1.044232
0.992558
0.891816
0.795825
0.782040
0.805809
0.857963
0.998734
1.222526
1.445772
1.537173
1.429398
1.191109
0.908801
0.689471
0.560683
0.427314
0.300582
0.220455
0.159002
0.091959
0.046392
0.051931
0.111802
0.252422
0.469271
0.662582
0.783365
0.881952
0.957927
0.994350
1.006293
1.001947
1.001313
1.023050
1.062038
1.086313
1.066458
0.972179
0.759229
0.473457
0.190763
-0.062559
-0.305204
-0.600919
-0.954297
-1.326491
-1.628350
-1.784570
-1.823812
-1.803143
-1.785768
-1.722347
-1.514354
-1.252365
-1.028224
-0.843470
-0.727372
-0.641011
-0.524762
-0.463531
-0.507173
-0.587354
-0.703751
-0.876007
-1.069087
-1.243133
-1.415961
-1.617737
-1.839330
-2.056395
-2.228787
-2.344822
-2.423160
-2.464578
-2.493678
-2.520498
-2.509577
-2.456678
-2.383167
-2.295386
-2.192640
-2.090678
-2.003357
-1.923540
-1.851820
-1.788771
-1.704342
-1.600571
-1.552800
-1.573622
-1.617717
-1.692601
-1.811420
-1.930830
-1.976278
-1.940707
-1.844967
-1.712136
-1.602023
-1.484117
-1.294544
-1.073532
-0.876410
-0.652066
-0.412442
-0.292172
-0.333926
-0.466801
-0.660131
-0.806510
-0.773846
-0.609850
-0.367489
-0.127229
0.047040
0.156206
0.178911
0.111503
-0.037610
-0.199370
-0.302517
-0.359523
-0.345467
-0.212417
-0.008755
0.185208
0.360444
0.576431
0.815752
0.997864
1.086686
1.090389
1.040096
0.986580
0.966681
0.984123
1.068708
1.238362
1.461783
1.667874
1.819470
1.934600
2.011919
2.028561
2.026501
2.086316
2.198980
2.335703
2.460738
2.535400
2.610368
2.732178
2.863313
2.963712
3.014831
2.988744
2.892246
2.738013
2.526336
2.284194
2.065640
1.911506
1.909524
2.023633
2.091063
2.092307
2.055387
2.013297
2.008995
2.031456
2.070866
2.135082
2.178772
2.159787
2.081290
1.940441
1.739906
1.499563
1.274703
1.123331
1.088695
1.212623
1.419224
1.649986
1.927052
2.194734
2.397221
2.511662
2.471117
2.326768
2.214705
2.110703
2.007319
1.971207
2.033235
2.153673
2.226716
2.250916
2.269748
2.264079
2.220348
2.106585
1.908171
1.666807
1.444725
1.284953
1.209136
1.235006
1.348252
1.504984
1.668736
1.808642
1.905129
1.956438
1.957157
1.952502
1.987089
2.048359
2.134058
2.223423
2.284828
2.317945
2.293867
2.204536
2.103060
2.030986
1.988440
1.944643
1.901615
1.902861
1.942762
1.985786
2.022410
2.041907
2.046674
2.078146
2.163876
2.292562
2.456790
2.641351
2.825083
2.989651
3.123549
3.229642
3.306074
3.354486
3.416034
3.515412
3.625371
3.727570
3.820877
3.922029
4.055075
4.212659
4.340095
4.406346
4.392017
4.275826
4.091834
3.873994
3.643052
3.442446
3.292924
3.198367
3.170149
3.173421
3.161144
3.123679
3.052032
2.941807
2.829709
2.736798
2.628815
2.491435
2.364192
2.283947
2.235751
2.182356
2.116952
2.076579
2.088138
2.105676
2.040394
1.895061
1.767283
1.688481
1.633987
1.615350
1.658962
1.759928
1.842213
1.822460
1.679209
1.414588
1.067233
0.697647
0.357212
0.080566
-0.073734
-0.064697
0.028307
0.132105
0.235923
0.336591
0.417658
0.412047
0.278979
0.096130
0.016457
0.043098
0.093067
0.130722
0.148097
0.192062
0.258115
0.281819
0.235802
0.082774
-0.127261
-0.284084
-0.423785
-0.616117
-0.837792
-0.975928
-0.969997
-0.897878
-0.827746
-0.751482
-0.652749
-0.600787
-0.682327
-0.883859
-1.100730
-1.226732
-1.287845
-1.308369
-1.261434
-1.173827
-1.073371
-0.992197
-0.939359
-0.896867
-0.881857
-0.914728
-0.996754
-1.116931
-1.238489
-1.284880
-1.257192
-1.248192
-1.332699
-1.513778
-1.683685
-1.748350
-1.740962
-1.691003
-1.591420
-1.456075
-1.306431
-1.194031
-1.156767
-1.213546
-1.354540
-1.493106
-1.527930
-1.459133
-1.345178
-1.203579
-1.055312
-0.963586
-0.969912
-1.068020
-1.246437
-1.490577
-1.748805
-1.934611
-2.042417
-2.135094
-2.226871
-2.268185
-2.225801
-2.117179
-1.965715
-1.832260
-1.770172
-1.759601
-1.748029
-1.685957
-1.554790
-1.354320
-1.101380
-0.865226
-0.689106
-0.604995
-0.689358
-0.862914
-1.032667
-1.244293
-1.485794
-1.708135
-1.870592
-1.930731
-1.935135
-1.989964
-2.079570
-2.101674
-2.049547
-1.944852
-1.783363
-1.589503
-1.369456
-1.134334
-0.937663
-0.830304
-0.823634
-0.851740
-0.827482
-0.713677
-0.524105
-0.307753
-0.092146
0.113273
0.332171
0.580186
0.817954
1.030743
1.238960
1.444111
1.647100
1.836622
1.958814
1.960879
1.867164
1.734924
1.573124
1.388167
1.204820
1.034815
0.867215
0.702931
0.579787
0.513092
0.501691
0.559114
0.652566
0.720201
0.763883
0.803636
0.843356
0.875181
0.884685
0.916185
1.010942
1.193592
1.493549
1.868347
2.254838
2.610643
2.898798
3.075574
3.099436
2.972301
2.803212
2.709312
2.623833
2.474566
2.319349
2.206130
2.113853
2.000264
1.901731
1.929704
2.088396
2.352608
2.697610
2.986945
3.185328
3.324795
3.363500
3.313477
3.206640
3.023166
2.772609
2.476454
2.193828
2.000165
1.984501
2.159733
2.391156
2.643705
2.915944
3.146292
3.305538
3.395843
3.435645
3.450026
3.484600
3.557854
3.619267
3.630961
3.596863
3.518637
3.425883
3.382486
3.397151
3.450007
3.513055
3.512459
3.440276
3.328135
3.163186
2.945150
2.718110
2.527678
2.408494
2.387770
2.437476
2.517333
2.604454
2.674339
2.695820
2.639001
2.509971
2.357128
2.245536
2.189846
2.175299
2.178765
2.165706
2.125542
2.045449
1.904311
1.709966
1.534230
1.412904
1.357381
1.361192
1.326074
1.234831
1.148780
1.082036
1.035214
1.013551
1.025414
1.083957
1.181181
1.269482
1.305318
1.276556
1.181452
1.028437
0.861892
0.706698
0.546883
0.387426
0.231156
0.067828
-0.110517
-0.315454
-0.510360
-0.649648
-0.725549
-0.749361
-0.737286
-0.691262
-0.620815
-0.510416
-0.327038
-0.085703
0.134998
0.250202
0.251406
0.166135
0.070187
-0.011991
-0.141690
-0.310352
-0.515795
-0.743602
-0.919721
-1.036482
-1.144879
-1.264995
-1.346867
-1.326985
-1.220534
-1.108490
-1.045329
-1.046236
-1.019146
-0.863491
-0.636174
-0.421707
-0.232976
-0.033355
0.207598
0.486857
0.793824
1.113065
1.388645
1.600533
1.683928
1.598670
1.464794
1.342280
1.206556
1.043734
0.854314
0.683846
0.561535
0.447786
0.292801
0.130063
0.041905
0.037411
0.102026
0.227205
0.386340
0.560415
0.728096
0.872977
0.995240
1.113712
1.262408
1.445731
1.628466
1.774992
1.864860
1.890117
1.825725
1.657386
1.436880
1.242928
1.116355
1.062649
1.059625
1.041919
1.013413
1.021883
1.036809
1.015448
0.947659
0.860349
0.803003
0.756605
0.664609
0.512375
0.281008
0.017164
-0.182952
-0.300868
-0.340666
-0.293767
-0.177770
-0.014058
0.179995
0.360768
0.474853
0.505957
0.463046
0.419608
0.419375
0.399619
0.348340
0.309624
0.301842
0.306316
0.300418
0.288986
0.294076
0.292829
0.244803
0.152393
0.032408
-0.105656
-0.257008
-0.398428
-0.515783
-0.600769
-0.653783
-0.715327
-0.796448
-0.868788
-0.924994
-0.972394
-1.033588
-1.122679
-1.211454
-1.284236
-1.342919
-1.372514
-1.356471
-1.294015
-1.200706
-1.104052
-1.032439
-0.997386
-1.010302
-1.088806
-1.202026
-1.286264
-1.345942
-1.401185
-1.432193
-1.449901
-1.482078
-1.522232
-1.538556
-1.520276
-1.479393
-1.426333
-1.392462
-1.400848
-1.471273
-1.643567
-1.898369
-2.137889
-2.287819
-2.235282
-1.945478
-1.602023
-1.265685
-0.892192
-0.531373
-0.250360
-0.104781
-0.128646
-0.236997
-0.279600
-0.263669
-0.257598
-0.285473
-0.348216
-0.433114
-0.509443
-0.524276
-0.436893
-0.242428
-0.014911
0.161658
0.282791
0.347291
0.323978
0.252153
0.235150
0.296001
0.394093
0.536309
0.720322
0.900184
1.007774
1.020258
0.971338
0.878227
0.734718
0.544837
0.323607
0.124877
-0.015827
-0.112809
-0.152455
-0.138750
-0.130962
-0.116252
-0.042542
0.066051
0.192791
0.339494
0.504814
0.700640
0.892978
1.043277
1.167103
1.250787
1.253407
1.179393
1.034634
0.802544
0.508244
0.187112
-0.129767
-0.409712
-0.608618
-0.693650
-0.701048
-0.659607
-0.580308
-0.510450
-0.494589
-0.529118
-0.583719
-0.596159
-0.544380
-0.476910
-0.423629
-0.369437
-0.284891
-0.191043
-0.124466
-0.080589
-0.054771
-0.042384
-0.015551
0.025346
0.063913
0.099512
0.124207
0.106726
0.006716
-0.173442
-0.417874
-0.713763
-1.036307
-1.333276
-1.520237
-1.558496
-1.521709
-1.511401
-1.533056
-1.538890
-1.540507
-1.595326
-1.707471
-1.836345
-1.915505
-1.920931
-1.866787
-1.764434
-1.643152
-1.525932
-1.420356
-1.301410
-1.188124
-1.149369
-1.184865
-1.272833
-1.375322
-1.453304
-1.540049
-1.647008
-1.775231
-1.932412
-2.115783
-2.313459
-2.481131
-2.584025
-2.666799
-2.774823
-2.886432
-3.006720
-3.151192
-3.290736
-3.377226
-3.387619
-3.314451
-3.173875
-2.990957
-2.774548
-2.540122
-2.325659
-2.177899
-2.122351
-2.122226
-2.098663
-2.050004
-2.043112
-2.089557
-2.153519
-2.210299
-2.255047
-2.306186
-2.368344
-2.443008
-2.551250
-2.708022
-2.908388
-3.136214
-3.359971
-3.557703
-3.729142
-3.859700
-3.944358
-3.991002
-4.009166
-3.992285
-3.914828
-3.777859
-3.586042
-3.349552
-3.109589
-2.884834
-2.676007
-2.495917
-2.344144
-2.229914
-2.134162
-2.037835
-1.967598
-1.922413
-1.895997
-1.895216
-1.915283
-1.943377
-1.956730
-1.945907
-1.913989
-1.870042
-1.838523
-1.823166
-1.818136
-1.820061
-1.806095
-1.770330
-1.719444
-1.672694
-1.667615
-1.708980
-1.780261
-1.848949
-1.884420
-1.889679
-1.863231
-1.801413
-1.710989
-1.607444
-1.504697
-1.383249
-1.269486
-1.200781
-1.148953
-1.092881
-1.039427
-1.009131
-1.000104
-0.984572
-0.949155
-0.911604
-0.900953
-0.917467
-0.945921
-0.973494
-0.995315
-1.018650
-1.048769
-1.089028
-1.142560
-1.212083
-1.298987
-1.390560
-1.450475
-1.469425
-1.457359
-1.407660
-1.329110
-1.234045
-1.138488
-1.059352
-0.999136
-0.945551
-0.872129
-0.780991
-0.695662
-0.618931
-0.536066
-0.439225
-0.330963
-0.213843
-0.122268
-0.079564
-0.056261
-0.045232
-0.061202
-0.103033
-0.163036
-0.235023
-0.297451
-0.334946
-0.359430
-0.392554
-0.437203
-0.459764
-0.454607
-0.437715
-0.404188
-0.367975
-0.377128
-0.443261
-0.541455
-0.655950
-0.733445
-0.726390
-0.638578
-0.484541
-0.271971
-0.038941
0.139663
0.215203
0.176951
0.028585
-0.148904
-0.282879
-0.390488
-0.458558
-0.478575
-0.466674
-0.451438
-0.491435
-0.568404
-0.602105
-0.598270
-0.617965
-0.680563
-0.744913
-0.759319
-0.733630
-0.688776
-0.653656
-0.627342
-0.562192
-0.465870
-0.355490
-0.246233
-0.153416
-0.076736
-0.032716
-0.031988
-0.090489
-0.206136
-0.341884
-0.466855
-0.569236
-0.643695
-0.682295
-0.699240
-0.722289
-0.756458
-0.813041
-0.911626
-1.050840
-1.201175
-1.309406
-1.362852
-1.363902
-1.322043
-1.264376
-1.192540
-1.125408
-1.084882
-1.079321
-1.112027
-1.126666
-1.094475
-1.048694
-0.982235
-0.884056
-0.782708
-0.715101
-0.691600
-0.715464
-0.802783
-0.944643
-1.127128
-1.350028
-1.586257
-1.786446
-1.923413
-1.973412
-1.966845
-1.949036
-1.904573
-1.840611
-1.774637
-1.723124
-1.700120
-1.666645
-1.590739
-1.505227
-1.458218
-1.458235
-1.486831
-1.518004
-1.541125
-1.568125
-1.596947
-1.626035
-1.670007
-1.735717
-1.819473
-1.937370
-2.082556
-2.194327
-2.245577
-2.244450
-2.192088
-2.131575
-2.113903
-2.116835
-2.097959
-2.073817
-2.072457
-2.075780
-2.054033
-2.006878
-1.934877
-1.839262
-1.735914
-1.641436
-1.567033
-1.513403
-1.485792
-1.485103
-1.482595
-1.458683
-1.430603
-1.408117
-1.378295
-1.338186
-1.295191
-1.248224
-1.195999
-1.141445
-1.085791
-1.036215
-1.008343
-1.005484
-1.025326
-1.040589
-1.012825
-0.954171
-0.879833
-0.784954
-0.689192
-0.633688
-0.630093
-0.649145
-0.644413
-0.612312
-0.578808
-0.535327
-0.476015
-0.413549
-0.366296
-0.337699
-0.325342
-0.338839
-0.372106
-0.386902
-0.370918
-0.363105
-0.373548
-0.378389
-0.368261
-0.346440
-0.321921
-0.318047
-0.339043
-0.362251
-0.371460
-0.364007
-0.347749
-0.326706
-0.314395
-0.317854
-0.327523
-0.334163
-0.322824
-0.290788
-0.241455
-0.169666
-0.084985
-0.009472
0.058233
0.130907
0.193241
0.215615
0.193536
0.132462
0.030739
-0.098948
-0.215481
-0.298574
-0.360860
-0.382229
-0.356077
-0.309958
-0.238782
-0.131652
-0.023088
0.055072
0.113913
0.164582
0.201153
0.223920
0.242629
0.277526
0.338326
0.426929
0.540899
0.656171
0.748422
0.806991
0.818582
0.770336
0.671732
0.541575
0.419555
0.343096
0.302182
0.284869
0.265151
0.213661
0.142928
0.075922
0.015700
-0.038773
-0.075291
-0.090115
-0.082539
-0.057398
-0.035148
-0.014443
0.032757
0.109907
0.211600
0.325208
0.394064
0.417047
0.455716
0.507520
0.554288
0.598064
0.626726
0.624732
0.580707
0.499983
0.390090
0.296239
0.259564
0.256638
0.270689
0.280059
0.269537
0.252153
0.223803
0.174445
0.099884
0.012903
-0.057772
-0.111752
-0.161094
-0.202166
-0.233606
-0.249395
-0.243177
-0.217388
-0.172792
-0.121349
-0.077005
-0.028972
0.030693
0.086691
0.132153
0.179955
0.237844
0.298889
0.357165
0.410709
0.453533
0.472939
0.448425
0.379223
0.273469
0.125117
-0.036155
-0.150757
-0.223030
-0.280333
-0.332315
-0.391068
-0.426714
-0.423761
-0.398912
-0.344229
-0.256250
-0.161153
-0.077268
-0.005984
0.051854
0.096658
0.119636
0.111229
0.072783
0.000845
-0.094177
-0.176889
-0.243599
-0.307544
-0.363143
-0.408831
-0.438373
-0.433424
-0.392263
-0.325999
-0.265846
-0.238452
-0.238651
-0.223736
-0.167726
-0.105298
-0.038015
0.038104
0.113996
0.202854
0.301829
0.395796
0.481441
0.557429
0.600916
0.595115
0.539496
0.440731
0.343934
0.279839
0.236191
0.218311
0.230781
0.246189
0.254041
0.262010
0.261122
0.243951
0.217743
0.218172
0.258689
0.310904
0.371706
0.445094
0.529906
0.628571
0.715097
0.761988
0.781278
0.791427
0.805040
0.811225
0.794257
0.781640
0.784115
0.775819
0.745936
0.718799
0.731534
0.792241
0.888778
0.993325
1.059818
1.083843
1.077771
1.030906
0.972417
0.949134
0.944929
0.933794
0.908572
0.876676
0.877742
0.926301
1.023184
1.154177
1.292566
1.415702
1.507326
1.570468
1.597412
1.593873
1.580881
1.537986
1.440743
1.288786
1.124649
1.011018
0.935985
0.888086
0.865369
0.825793
0.793963
0.805391
0.840942
0.872711
0.868928
0.863204
0.903633
0.970454
1.047372
1.142402
1.243498
1.314000
1.342457
1.347844
1.338484
1.330363
1.323343
1.300423
1.273574
1.257327
1.236762
1.198781
1.154521
1.109878
1.065595
1.027068
0.995335
0.972183
0.959997
0.963714
0.982231
1.001622
1.019979
1.047896
1.088630
1.140365
1.198201
1.249621
1.283621
1.293097
1.286543
1.270656
1.240158
1.204014
1.165805
1.118095
1.061010
1.003866
0.953535
0.907940
0.866482
0.831660
0.804014
0.785872
0.778309
0.780326
0.792252
0.812518
0.839250
0.868240
0.893279
0.915020
0.933033
0.933701
0.909767
0.866490
0.817361
0.792541
0.797517
0.822423
0.871920
0.914193
0.919502
0.892001
0.824880
0.764472
0.738552
0.695152
0.639366
0.620797
0.642153
0.684978
0.738099
0.814670
0.949210
1.099474
1.186377
1.221440
1.225579
1.212275
1.220497
1.230070
1.231585
1.268778
1.350406
1.454069
1.522381
1.518429
1.465226
1.391198
1.357843
1.364480
1.352888
1.353923
1.392986
1.443656
1.486944
1.496538
1.470583
1.433182
1.405248
1.378516
1.320459
1.228930
1.125704
1.043683
0.995650
0.969603
0.971606
1.006852
1.071663
1.153996
1.213131
1.232724
1.227649
1.207113
1.197037
1.201820
1.212049
1.235782
1.251544
1.236515
1.229930
1.245766
1.242317
1.210043
1.162712
1.115878
1.080215
1.038520
0.964081
0.861672
0.774324
0.729586
0.715647
0.728485
0.776797
0.865181
0.992219
1.113835
1.169297
1.164274
1.114365
1.011177
0.863809
0.708367
0.586666
0.511455
0.485607
0.490754
0.485349
0.486352
0.519426
0.543634
0.525005
0.492394
0.494596
0.525810
0.573373
0.650760
0.758651
0.889773
1.025068
1.161196
1.282833
1.338738
1.332059
1.289311
1.235398
1.200078
1.181896
1.183214
1.213030
1.260650
1.288820
1.289027
1.281272
1.255813
1.226159
1.240442
1.303854
1.388983
1.467150
1.519100
1.546680
1.551798
1.539531
1.522970
1.507809
1.490724
1.470819
1.440339
1.388581
1.306458
1.190897
1.059121
0.958846
0.912052
0.928118
1.012765
1.111498
1.160246
1.147074
1.082984
1.028995
1.049573
1.119667
1.152797
1.089820
0.973691
0.827637
0.710949
0.686874
0.713486
0.756753
0.739461
0.622775
0.451670
0.315159
0.281023
0.291248
0.324187
0.354407
0.326844
0.271048
0.224523
0.184535
0.142399
0.090153
0.019412
-0.063460
-0.139641
-0.196953
-0.236932
-0.251139
-0.234828
-0.191864
-0.125116
-0.075814
-0.064682
-0.051102
-0.038795
-0.050576
-0.079144
-0.129854
-0.207410
-0.290488
-0.334606
-0.340081
-0.358366
-0.376292
-0.340247
-0.261475
-0.209654
-0.236120
-0.322569
-0.404256
-0.442672
-0.452401
-0.465500
-0.504758
-0.505517
-0.427645
-0.330046
-0.253428
-0.205905
-0.170138
-0.119842
-0.080309
-0.070074
-0.030655
0.051268
0.122363
0.135418
0.102739
0.041718
-0.068551
-0.216779
-0.355700
-0.491684
-0.637176
-0.745226
-0.818366
-0.887789
-0.932806
-0.938202
-0.965182
-1.072416
-1.211634
-1.274273
-1.255681
-1.222344
-1.170264
-1.064498
-0.968294
-0.980341
-1.065308
-1.173757
-1.309612
-1.442919
-1.571336
-1.680421
-1.701372
-1.635511
-1.528756
-1.449635
-1.442765
-1.512392
-1.679749
-1.877453
-1.986915
-2.013931
-2.024245
-2.038571
-2.067775
-2.104760
-2.099335
-2.032503
-1.976598
-1.986214
-2.034123
-2.052277
-1.977607
-1.769542
-1.559525
-1.547405
-1.654680
-1.760093
-1.846752
-1.818741
-1.689976
-1.557416
-1.454783
-1.397184
-1.312970
-1.121201
-0.792340
-0.328122
0.146525
0.467675
0.660975
0.814896
0.988523
1.267759
1.538232
1.641641
1.659364
1.670882
1.640819
1.592764
1.551824
1.431894
1.236726
1.195865
1.422761
1.756559
2.121992
2.521672
2.763606
2.635455
2.187270
1.504089
0.733217
-0.014913
-0.893825
-1.678296
-1.834500
-1.484023
-1.315171
-1.517440
-1.835804
-2.201893
-2.447947
-2.412457
-2.262030
-2.115322
-1.948480
-1.768595
-1.547920
-1.246830
-0.868972
-0.444287
-0.043862
0.352814
0.807932
1.215152
1.425998
1.356605
1.034710
0.612903
0.213735
-0.062288
-0.243952
-0.435948
-0.585359
-0.673186
-0.702033
-0.611877
-0.382010
-0.021304
0.448099
1.010414
1.548650
1.961602
2.292381
2.478005
2.415815
2.172161
1.847223
1.595512
1.543290
1.677051
1.873830
2.015066
2.191938
2.460059
2.681272
2.777784
2.761137
2.625555
2.450319
2.361170
2.388661
2.479201
2.553296
2.644149
2.819708
2.997005
3.138695
3.327750
3.547452
3.667122
3.620741
3.334213
2.743792
2.044625
1.505301
1.347672
1.704945
2.305159
2.781122
3.124643
3.389231
3.521245
3.526084
3.409505
3.138232
2.674429
1.985108
1.143611
0.349167
-0.205921
-0.423800
-0.371295
-0.207249
0.075049
0.588580
1.262124
1.897052
2.346083
2.403070
2.075993
1.697164
1.397840
1.083325
0.801849
0.702076
0.877053
1.266928
1.553918
1.652385
1.667836
1.482569
1.091752
0.627354
0.071837
-0.599407
-1.222945
-1.434773
-1.022213
-0.266935
0.304955
0.620732
0.948025
1.238717
1.239493
0.846740
0.234241
-0.188604
-0.251448
0.018377
0.581071
1.208500
1.784829
2.209124
2.341003
2.156306
1.769222
1.371714
1.019459
0.585331
0.049782
-0.317529
-0.352287
-0.182720
0.002131
0.190849
0.479633
0.860119
1.342381
1.824337
2.065225
2.047553
1.879784
1.582116
1.286164
1.066237
0.701888
0.084140
-0.601459
-1.173772
-1.572704
-1.727168
-1.678921
-1.543396
-1.203624
-0.597226
0.084107
0.670068
1.046516
1.145202
1.099700
1.119874
1.220486
1.332460
1.446046
1.511412
1.463548
1.327945
1.141306
0.910995
0.671570
0.460898
0.272342
0.081447
-0.114137
-0.247404
-0.268996
-0.238245
-0.249077
-0.338151
-0.492287
-0.683500
-0.885132
-1.060551
-1.146610
-1.103988
-0.942458
-0.715616
-0.480304
-0.221815
0.094894
0.445464
0.763859
0.959667
0.953971
0.790018
0.588870
0.462913
0.441174
0.451979
0.474766
0.533734
0.617504
0.643857
0.511490
0.284228
0.076040
-0.097120
-0.221249
-0.274195
-0.222420
-0.074421
0.109661
0.249356
0.299663
0.281034
0.199407
0.048339
-0.137123
-0.316307
-0.440891
-0.456946
-0.380889
-0.298088
-0.264442
-0.256172
-0.226631
-0.176849
-0.138517
-0.088338
0.033415
0.220274
0.412486
0.537438
0.525064
0.392580
0.191725
-0.060629
-0.347441
-0.660310
-0.932847
-1.105376
-1.182382
-1.168158
-1.119688
-1.099830
-1.077070
-1.027030
-0.977550
-0.945216
-0.915168
-0.823715
-0.631292
-0.390592
-0.164592
0.039645
0.218625
0.352876
0.412282
0.395814
0.342211
0.261832
0.171940
0.073704
-0.049576
-0.155233
-0.207687
-0.219706
-0.214373
-0.221603
-0.219331
-0.175958
-0.116685
-0.066896
-0.021601
0.059326
0.176646
0.297666
0.394344
0.457553
0.500121
0.552999
0.648568
0.768403
0.897475
1.029242
1.131852
1.180768
1.161322
1.091803
0.996644
0.878126
0.765561
0.671408
0.583776
0.509364
0.443389
0.375019
0.307626
0.235532
0.141492
0.024656
-0.109655
-0.248884
-0.380221
-0.507551
-0.610863
-0.656595
-0.625105
-0.532221
-0.410041
-0.254533
-0.058613
0.143725
0.318047
0.462649
0.570581
0.633161
0.643016
0.593356
0.500354
0.379364
0.250074
0.139581
0.051686
-0.016695
-0.068238
-0.121177
-0.193281
-0.287204
-0.400624
-0.504938
-0.556912
-0.541316
-0.438788
-0.276441
-0.126138
0.010478
0.130962
0.187874
0.153432
0.057339
-0.022571
-0.094343
-0.212663
-0.355315
-0.510007
-0.678298
-0.823351
-0.937956
-1.034967
-1.104502
-1.150916
-1.189761
-1.219524
-1.236806
-1.246813
-1.252905
-1.263517
-1.279746
-1.282776
-1.266363
-1.237889
-1.193953
-1.131902
-1.054507
-0.980042
-0.935635
-0.919230
-0.924058
-0.938441
-0.931719
-0.904445
-0.864401
-0.806865
-0.770297
-0.781429
-0.815730
-0.866842
-0.944289
-1.041611
-1.152987
-1.280338
-1.411130
-1.534506
-1.655598
-1.773937
-1.884495
-1.975182
-2.035298
-2.065871
-2.062776
-2.035153
-2.007135
-1.976982
-1.932036
-1.874813
-1.805989
-1.710392
-1.577284
-1.415439
-1.244697
-1.084854
-0.934915
-0.805267
-0.723070
-0.676308
-0.641248
-0.626299
-0.647282
-0.710650
-0.814903
-0.935346
-1.030623
-1.099200
-1.142410
-1.138837
-1.092825
-1.016072
-0.932381
-0.887999
-0.890412
-0.913541
-0.932601
-0.943143
-0.963136
-0.979182
-0.975215
-0.959658
-0.935112
-0.915000
-0.915065
-0.929196
-0.957330
-1.005066
-1.071254
-1.155336
-1.249537
-1.325395
-1.372121
-1.399877
-1.414224
-1.433651
-1.449481
-1.442338
-1.423512
-1.395801
-1.358328
-1.315576
-1.271112
-1.235741
-1.211987
-1.194958
-1.184531
-1.181131
-1.186173
-1.199952
-1.218868
-1.233695
-1.241001
-1.245985
-1.255581
-1.263775
-1.254165
-1.229924
-1.201929
-1.170020
-1.132563
-1.094145
-1.058097
-1.025286
-1.004466
-0.999660
-1.005060
-1.018715
-1.024417
-0.995173
-0.937006
-0.862460
-0.779126
-0.707166
-0.646384
-0.588890
-0.536153
-0.488167
-0.446272
-0.416143
-0.400123
-0.396110
-0.396634
-0.386585
-0.365358
-0.339226
-0.311803
-0.288912
-0.276546
-0.279213
-0.295442
-0.320764
-0.340028
-0.346366
-0.348411
-0.352864
-0.362688
-0.377665
-0.398692
-0.422030
-0.435079
-0.434691
-0.424274
-0.395259
-0.344227
-0.286273
-0.229497
-0.172114
-0.144567
-0.168425
-0.227701
-0.321851
-0.451277
-0.585408
-0.658959
-0.662793
-0.635632
-0.590709
-0.580191
-0.626245
-0.710174
-0.826580
-0.914023
-0.942609
-0.939574
-0.914480
-0.896706
-0.891903
-0.868783
-0.827483
-0.816906
-0.864707
-0.950210
-1.039884
-1.094182
-1.107612
-1.087745
-1.033131
-0.951320
-0.847358
-0.756529
-0.714419
-0.729577
-0.757001
-0.736968
-0.690862
-0.655165
-0.643671
-0.654633
-0.670280
-0.668747
-0.650003
-0.621771
-0.575974
-0.512056
-0.445114
-0.396659
-0.349540
-0.266674
-0.156510
-0.061359
-0.019166
-0.018455
-0.036610
-0.074285
-0.108291
-0.128497
-0.132534
-0.096482
-0.020105
0.080000
0.176949
0.258067
0.336455
0.420892
0.510353
0.574763
0.591311
0.563263
0.491178
0.406375
0.340839
0.282254
0.229598
0.193722
0.166061
0.138128
0.112371
0.089769
0.068976
0.051178
0.036304
0.024081
0.014837
0.005076
-0.012636
-0.039071
-0.067088
-0.085863
-0.092596
-0.090879
-0.079118
-0.066080
-0.070032
-0.097145
-0.144321
-0.212738
-0.289266
-0.350395
-0.398316
-0.437497
-0.455138
-0.448422
-0.430357
-0.422244
-0.428616
-0.442791
-0.464936
-0.486355
-0.503641
-0.520457
-0.532291
-0.535975
-0.532065
-0.519020
-0.496040
-0.462617
-0.417627
-0.362234
-0.310975
-0.284668
-0.281322
-0.296189
-0.330339
-0.358472
-0.366521
-0.363704
-0.341436
-0.293467
-0.234549
-0.189106
-0.161942
-0.144110
-0.138024
-0.143501
-0.141292
-0.113921
-0.063884
0.011501
0.104283
0.179434
0.229531
0.266190
0.281420
0.274616
0.266126
0.264942
0.254149
0.232310
0.217856
0.215090
0.213343
0.209030
0.217235
0.233363
0.222333
0.180470
0.138266
0.122129
0.129434
0.151841
0.181286
0.209670
0.259522
0.338573
0.436433
0.532057
0.587439
0.598384
0.573850
0.523641
0.494717
0.503729
0.536955
0.596721
0.654649
0.674228
0.663158
0.645107
0.618402
0.579008
0.551392
0.546238
0.533842
0.501456
0.465105
0.441087
0.433896
0.438241
0.455538
0.482199
0.510798
0.542517
0.571068
0.585862
0.585508
0.567839
0.542057
0.525661
0.516190
0.509824
0.511901
0.514821
0.504569
0.482317
0.451703
0.410222
0.370230
0.342227
0.318512
0.291153
0.264818
0.247048
0.227086
0.205544
0.190338
0.166770
0.135172
0.112174
0.099289
0.095431
0.105072
0.122404
0.137011
0.149916
0.163497
0.172065
0.171148
0.166361
0.168519
0.176245
0.177983
0.170114
0.156254
0.136565
0.118851
0.111391
0.110502
0.115399
0.120886
0.120678
0.121396
0.120798
0.107100
0.080826
0.055162
0.045349
0.049985
0.060850
0.079834
0.107886
0.142239
0.170536
0.179277
0.171789
0.155557
0.138971
0.124046
0.103782
0.085486
0.083030
0.093876
0.102187
0.100266
0.092317
0.078609
0.056989
0.029047
-0.004005
-0.032931
-0.046765
-0.049333
-0.050157
-0.050570
-0.046644
-0.032941
-0.007532
0.026825
0.068582
0.104658
0.126071
0.140039
0.146600
0.148786
0.158994
0.176162
0.192918
0.209390
0.222751
0.223345
0.203634
0.172536
0.141597
0.112513
0.089608
0.073358
0.057923
0.040110
0.021380
0.003815
-0.009295
-0.012380
-0.004446
0.012169
0.029971
0.044471
0.060338
0.077788
0.093215
0.106357
0.118467
0.129678
0.138021
0.141322
0.141869
0.142819
0.140917
0.133836
0.124339
0.115444
0.108167
0.101847
0.097151
0.094518
0.094172
0.096420
0.099145
0.099992
0.100077
0.100885
0.101659
0.102123
0.102574
0.103467
0.105446
0.107449
0.107621
0.106270
0.105137
0.105018
0.105678
0.106979
0.108285
0.109005
0.109514
0.110168
0.111014
0.111923
0.112761
0.113203
0.113045
0.112429
0.111582
0.110689
0.109960
0.109412
0.108912
0.108420
0.107786
0.106939
0.105882
0.104719
0.103755
0.103022
0.102391
0.101909
0.101566
0.101286
0.100921
0.100395
0.099793
0.099206
0.098686
0.098201
0.097723
0.097194
0.096559
0.095857
0.095104
0.094293
0.093435
0.092539
0.091609
0.090649
0.089669
0.088688
0.087704
0.086708
0.085694
0.084659
0.083604
0.082526
0.081422
0.080291
0.079130
0.077940
0.076719
0.075466
0.074182
0.072870
0.071530
0.070161
0.068759
0.067323
0.065854
0.064352
0.062817
0.061248
0.059646
0.058009
0.056339
0.054634
0.052894
0.051119
0.049308
0.047461
0.045578
0.043658
0.041701
0.039706
0.037673
0.035602
0.033492
0.031344
0.029156
0.026929
0.024661
0.022354
0.020006
0.017617
0.015187
0.012716
0.010203
0.007648
0.005051
0.002412
-0.000271
