0.000000
-0.000022
-0.000090
-0.000201
-0.000358
-0.000559
-0.000804
-0.001091
-0.001411
-0.001759
-0.002145
-0.002601
-0.003156
-0.003793
-0.004430
-0.004989
-0.005508
-0.006122
-0.006873
-0.007597
-0.008045
-0.008207
-0.008518
-0.009520
-0.011285
-0.013246
-0.014642
-0.015211
-0.015536
-0.016796
-0.019907
-0.024535
-0.028961
-0.031155
-0.030067
-0.026443
-0.023060
-0.022854
-0.026084
-0.030724
-0.034545
-0.035518
-0.032527
-0.026468
-0.019151
-0.012048
-0.006773
-0.005229
-0.008842
-0.018187
-0.032811
-0.050747
-0.067092
-0.074667
-0.069076
-0.051677
-0.027998
-0.004124
0.015410
0.026969
0.028781
0.021029
0.004092
-0.020356
-0.048945
-0.078510
-0.105778
-0.126401
-0.137051
-0.138601
-0.136023
-0.134857
-0.137712
-0.143399
-0.149332
-0.154434
-0.158726
-0.161800
-0.164123
-0.168130
-0.175415
-0.183522
-0.188002
-0.187156
-0.185477
-0.192319
-0.213433
-0.246872
-0.285324
-0.320716
-0.352367
-0.385807
-0.422863
-0.458894
-0.486859
-0.500921
-0.500285
-0.492051
-0.487132
-0.494853
-0.519955
-0.559881
-0.606768
-0.652644
-0.692552
-0.724790
-0.748197
-0.760116
-0.760224
-0.754604
-0.753036
-0.761694
-0.778419
-0.797294
-0.814622
-0.829370
-0.842916
-0.858167
-0.878972
-0.909895
-0.953869
-1.010523
-1.075412
-1.140112
-1.196107
-1.239113
-1.270278
-1.295960
-1.323825
-1.356533
-1.392251
-1.428724
-1.463651
-1.495256
-1.523008
-1.547081
-1.568802
-1.590279
-1.613008
-1.638371
-1.668487
-1.705016
-1.748239
-1.796853
-1.847593
-1.897323
-1.946267
-1.997310
-2.052663
-2.111634
-2.170453
-2.224764
-2.272229
-2.313075
-2.349972
-2.387043
-2.427729
-2.473795
-2.525812
-2.583274
-2.644654
-2.707680
-2.769674
-2.829497
-2.890459
-2.958271
-3.034684
-3.116459
-3.198824
-3.277228
-3.350189
-3.420096
-3.488883
-3.558110
-3.632046
-3.714674
-3.805428
-3.898070
-3.983467
-4.057524
-4.123621
-4.186461
-4.249339
-4.314840
-4.383218
-4.450951
-4.510952
-4.557632
-4.594789
-4.633351
-4.680418
-4.735864
-4.797583
-4.864621
-4.937800
-5.017879
-5.102684
-5.188442
-5.272108
-5.352499
-5.430822
-5.509857
-5.592673
-5.680244
-5.768556
-5.849881
-5.919848
-5.983051
-6.050159
-6.129586
-6.222549
-6.326197
-6.438810
-6.560044
-6.688983
-6.824091
-6.963263
-7.103355
-7.240276
-7.369018
-7.483350
-7.576661
-7.647163
-7.700472
-7.744292
-7.784755
-7.826307
-7.869451
-7.909289
-7.938659
-7.950950
-7.943317
-7.918627
-7.880174
-7.827860
-7.759499
-7.671673
-7.561372
-7.428843
-7.277797
-7.113205
-6.936141
-6.740153
-6.517768
-6.266932
-5.989797
-5.691752
-5.378788
-5.051729
-4.706602
-4.341431
-3.958242
-3.560109
-3.150852
-2.735199
-2.317911
-1.903178
-1.492996
-1.087510
-0.687808
-0.296279
0.084637
0.452556
0.806187
1.147898
1.483426
1.818309
2.157604
2.508267
2.879393
3.279956
3.715707
4.188157
4.694621
5.229230
5.784531
6.349956
6.913715
7.467587
8.003317
8.510679
8.985056
9.429361
9.848398
10.247600
10.634900
11.020080
11.412360
11.815820
12.227670
12.642850
13.058380
13.474720
13.893150
14.312530
14.730310
15.143460
15.547550
15.936250
16.302390
16.642030
16.955990
17.246250
17.514180
17.762660
17.997390
18.225500
18.454790
18.691150
18.936850
19.194400
19.467720
19.760580
20.077980
20.426070
20.807980
21.220590
21.657870
22.114740
22.586150
23.066480
23.549490
24.026930
24.489770
24.931610
25.350150
25.744960
26.115360
26.461060
26.782990
27.079850
27.344880
27.569570
27.747550
27.876780
27.961510
28.009430
28.027170
28.019150
27.989870
27.945320
27.890620
27.830240
27.770550
27.718760
27.681290
27.664570
27.673810
27.709580
27.768230
27.844470
27.933050
28.029580
28.131710
28.237950
28.343370
28.439180
28.513460
28.553510
28.552650
28.509780
28.426740
28.310800
28.174060
28.028740
27.884230
27.747610
27.623120
27.510700
27.409210
27.319080
27.240000
27.170110
27.107920
27.052020
26.999510
26.947180
26.893600
26.838870
26.783490
26.726750
26.666000
26.598730
26.524180
26.442580
26.354180
26.258830
26.157170
26.052100
25.948280
25.850610
25.763310
25.689220
25.629300
25.583090
25.549040
25.523390
25.501380
25.480860
25.462350
25.447100
25.437060
25.434930
25.442830
25.461130
25.487630
25.518520
25.550210
25.579620
25.604440
25.624400
25.641110
25.656500
25.671880
25.688640
25.708930
25.735480
25.768660
25.803560
25.832970
25.852300
25.858620
25.848740
25.820700
25.775620
25.719330
25.660910
25.608350
25.567370
25.542430
25.535030
25.542700
25.562850
25.596640
25.646850
25.712630
25.787410
25.861500
25.927820
25.984940
26.035750
26.085860
26.141990
26.207630
26.281910
26.363300
26.451380
26.546320
26.647730
26.753220
26.859280
26.963750
27.065980
27.164890
27.257770
27.341580
27.414680
27.477470
27.532580
27.584120
27.636330
27.691880
27.750120
27.809240
27.868950
27.928290
27.986040
28.044270
28.106010
28.170930
28.235660
28.296720
28.352570
28.402620
28.444520
28.474500
28.491140
28.498840
28.507170
28.525900
28.558710
28.601320
28.644100
28.678220
28.702570
28.720540
28.734370
28.746420
28.760300
28.779120
28.802690
28.828450
28.856230
28.888430
28.926590
28.971540
29.023890
29.081780
29.140770
29.195220
29.239710
29.270520
29.283880
29.274550
29.241850
29.194720
29.144870
29.100740
29.069650
29.055850
29.054220
29.053210
29.041940
29.016380
28.985160
28.959720
28.941170
28.923360
28.900180
28.867610
28.823660
28.768600
28.705500
28.641340
28.583960
28.538410
28.507000
28.487070
28.471320
28.452510
28.423770
28.377470
28.308740
28.218100
28.109740
27.989710
27.864620
27.740240
27.617810
27.492310
27.358500
27.215520
27.067140
26.919840
26.776390
26.634620
26.492570
26.350960
26.212400
26.078840
25.951030
25.831010
25.720530
25.616270
25.511530
25.401300
25.281370
25.147700
25.002570
24.856870
24.720640
24.596520
24.482650
24.376220
24.274250
24.171880
24.063360
23.946110
23.820830
23.688560
23.549400
23.401950
23.242780
23.067720
22.873140
22.656200
22.415480
22.151670
21.867390
21.566860
21.257770
20.951270
20.656690
20.379340
20.122060
19.884100
19.661820
19.451890
19.253000
19.067820
18.901180
18.757150
18.642990
18.570390
18.545240
18.556320
18.583910
18.616570
18.648250
18.672150
18.681030
18.663060
18.600430
18.477280
18.287650
18.032420
17.714590
17.338530
16.908640
16.430470
15.911660
15.359160
14.781100
14.191000
13.602990
13.027540
12.474040
11.954400
11.483020
11.070430
10.719630
10.427880
10.189360
9.995487
9.830622
9.671751
9.491430
9.267655
9.004135
8.725987
8.457904
8.216882
8.005304
7.814232
7.639552
7.478770
7.320837
7.150435
6.955623
6.733888
6.492978
6.243373
5.993228
5.750218
5.519956
5.298411
5.074419
4.840798
4.600022
4.359684
4.124488
3.898316
3.688052
3.499398
3.331722
3.179188
3.036860
2.904133
2.781839
2.665466
2.545922
2.417864
2.281659
2.139487
1.992075
1.840648
1.691297
1.550459
1.417693
1.288352
1.160988
1.037951
0.918883
0.799060
0.674433
0.542355
0.398268
0.236048
0.053686
-0.141750
-0.337196
-0.520005
-0.682151
-0.825069
-0.958923
-1.092239
-1.225929
-1.358685
-1.492032
-1.626211
-1.756301
-1.877616
-1.989471
-2.093198
-2.191605
-2.287007
-2.380760
-2.475371
-2.571341
-2.666087
-2.759825
-2.855296
-2.951159
-3.042038
-3.123946
-3.196801
-3.261457
-3.317308
-3.365989
-3.413224
-3.465926
-3.530460
-3.610983
-3.706313
-3.809726
-3.912591
-4.006218
-4.080624
-4.126459
-4.142943
-4.140053
-4.128802
-4.115737
-4.106872
-4.108458
-4.123555
-4.149460
-4.178363
-4.202615
-4.217892
-4.222483
-4.218748
-4.211841
-4.203572
-4.192628
-4.180184
-4.171883
-4.174988
-4.193857
-4.227392
-4.268693
-4.308044
-4.336387
-4.346199
-4.330712
-4.284163
-4.207723
-4.112953
-4.014256
-3.924496
-3.854762
-3.809081
-3.783837
-3.772609
-3.771399
-3.778644
-3.790342
-3.801839
-3.813729
-3.831864
-3.861011
-3.901837
-3.953525
-4.014784
-4.083850
-4.156316
-4.221143
-4.264289
-4.275652
-4.248763
-4.183057
-4.087989
-3.975193
-3.853486
-3.731396
-3.614679
-3.508631
-3.422648
-3.364090
-3.335393
-3.340338
-3.383758
-3.460807
-3.555648
-3.652432
-3.728974
-3.770058
-3.790885
-3.805999
-3.815734
-3.824545
-3.835575
-3.847046
-3.855488
-3.855826
-3.845399
-3.825900
-3.799695
-3.766814
-3.724123
-3.666540
-3.592865
-3.510170
-3.426798
-3.344668
-3.266048
-3.202463
-3.171231
-3.181735
-3.228348
-3.297995
-3.377572
-3.458264
-3.538798
-3.622373
-3.708526
-3.789247
-3.852515
-3.887000
-3.889255
-3.866985
-3.831929
-3.795044
-3.766487
-3.754849
-3.767517
-3.809441
-3.880179
-3.973124
-4.073891
-4.163144
-4.226871
-4.260875
-4.266232
-4.243218
-4.187205
-4.091895
-3.956213
-3.784945
-3.588292
-3.379068
-3.171060
-2.979008
-2.809921
-2.660964
-2.521560
-2.376458
-2.220427
-2.065064
-1.927129
-1.816048
-1.734305
-1.681932
-1.657957
-1.661367
-1.689041
-1.734486
-1.790209
-1.847714
-1.899911
-1.949481
-2.007529
-2.082154
-2.175845
-2.290569
-2.427946
-2.586437
-2.759608
-2.937438
-3.109930
-3.265042
-3.389341
-3.475005
-3.518963
-3.521622
-3.490979
-3.439823
-3.380779
-3.325054
-3.279296
-3.246326
-3.229505
-3.229895
-3.237950
-3.240085
-3.232242
-3.215358
-3.189521
-3.155142
-3.112409
-3.061372
-3.002269
-2.935802
-2.864065
-2.790352
-2.717176
-2.649305
-2.591631
-2.540804
-2.491119
-2.441697
-2.395807
-2.360270
-2.340392
-2.335268
-2.341411
-2.356506
-2.377265
-2.399346
-2.419868
-2.437130
-2.450328
-2.459630
-2.464184
-2.459626
-2.438885
-2.396488
-2.330348
-2.242066
-2.136005
-2.017164
-1.894907
-1.784310
-1.698776
-1.646323
-1.626822
-1.628318
-1.637652
-1.650214
-1.665300
-1.683728
-1.707627
-1.737647
-1.773050
-1.812814
-1.855293
-1.897341
-1.932041
-1.951056
-1.951864
-1.937123
-1.911173
-1.881674
-1.859219
-1.854334
-1.874335
-1.921104
-1.988348
-2.062684
-2.134963
-2.203999
-2.270250
-2.335859
-2.403364
-2.472034
-2.538976
-2.601675
-2.660457
-2.717845
-2.776167
-2.837884
-2.905651
-2.980541
-3.061061
-3.144746
-3.229734
-3.313384
-3.393408
-3.471276
-3.550330
-3.632064
-3.716062
-3.801607
-3.887838
-3.973275
-4.057089
-4.139949
-4.222743
-4.305501
-4.387085
-4.465298
-4.537694
-4.602291
-4.658079
-4.705726
-4.747711
-4.788205
-4.832975
-4.887193
-4.953360
-5.031403
-5.118940
-5.212924
-5.311077
-5.411202
-5.511106
-5.609530
-5.706174
-5.800806
-5.893181
-5.983512
-6.072425
-6.160742
-6.248931
-6.335960
-6.419757
-6.499627
-6.577112
-6.654426
-6.732556
-6.811280
-6.890470
-6.970703
-7.053177
-7.138916
-7.228289
-7.320971
-7.416095
-7.513779
-7.615136
-7.719788
-7.825286
-7.928625
-8.026725
-8.117012
-8.198700
-8.272798
-8.341471
-8.406393
-8.468178
-8.528760
-8.591228
-8.657595
-8.728653
-8.803555
-8.879665
-8.954137
-9.025415
-9.093496
-9.158757
-9.221550
-9.282360
-9.340897
-9.396167
-9.447514
-9.494509
-9.536639
-9.573776
-9.606979
-9.638794
-9.671939
-9.708469
-9.750746
-9.800934
-9.859289
-9.924070
-9.992027
-10.059100
-10.122250
-10.180430
-10.233410
-10.281120
-10.323760
-10.361400
-10.393840
-10.420820
-10.442150
-10.457860
-10.468500
-10.475090
-10.478640
-10.479560
-10.477700
-10.472940
-10.465960
-10.457900
-10.448960
-10.438020
-10.423700
-10.405640
-10.384740
-10.362360
-10.339960
-10.318760
-10.299150
-10.280320
-10.260550
-10.238560
-10.214610
-10.190210
-10.165640
-10.139170
-10.109280
-10.075580
-10.037060
-9.992235
-9.940696
-9.883101
-9.820601
-9.754491
-9.685579
-9.614177
-9.540672
-9.465507
-9.389084
-9.311951
-9.234706
-9.157895
-9.081932
-9.006928
-8.932867
-8.859603
-8.786403
-8.712021
-8.635417
-8.556672
-8.477285
-8.399474
-8.325329
-8.256195
-8.192199
-8.132099
-8.073849
-8.015498
-7.955816
-7.894350
-7.830961
-7.765723
-7.698774
-7.630232
-7.560414
-7.489723
-7.418561
-7.347392
-7.276701
-7.206636
-7.136833
-7.066942
-6.997065
-6.927374
-6.857632
-6.787500
-6.716982
-6.646345
-6.575902
-6.506002
-6.437007
-6.369073
-6.302144
-6.236251
-6.171525
-6.107947
-6.045400
-5.983903
-5.923480
-5.864041
-5.805530
-5.747681
-5.689709
-5.630363
-5.568364
-5.503431
-5.436449
-5.368339
-5.299590
-5.230370
-5.160636
-5.090507
-5.020381
-4.950704
-4.881837
-4.813916
-4.746738
-4.680084
-4.613977
-4.548369
-4.483193
-4.418809
-4.355753
-4.294174
-4.234071
-4.175670
-4.119209
-4.064661
-4.011709
-3.959936
-3.908915
-3.858247
-3.807893
-3.758245
-3.709734
-3.662640
-3.616936
-3.572321
-3.528613
-3.485734
-3.443424
-3.401383
-3.359574
-3.318280
-3.277822
-3.238203
-3.199212
-3.160946
-3.123886
-3.088593
-3.055753
-3.025909
-2.998872
-2.974121
-2.951374
-2.930158
-2.909733
-2.889512
-2.869013
-2.848032
-2.827038
-2.806942
-2.788429
-2.771594
-2.756142
-2.741527
-2.727001
-2.711910
-2.696037
-2.679627
-2.663018
-2.646693
-2.631492
-2.618204
-2.607268
-2.598912
-2.593037
-2.589130
-2.586678
-2.585394
-2.585037
-2.585340
-2.586065
-2.587137
-2.588727
-2.591061
-2.594129
-2.597706
-2.601662
-2.606186
-2.611647
-2.618343
-2.626274
-2.635046
-2.644179
-2.653189
-2.661403
-2.668135
-2.673219
-2.677308
-2.681325
-2.686072
-2.692609
-2.702142
-2.715354
-2.732300
-2.752637
-2.775446
-2.799383
-2.823200
-2.845979
-2.867474
-2.888121
-2.908478
-2.929059
-2.950326
-2.972385
-2.995187
-3.018858
-3.043254
-3.067725
-3.091585
-3.114450
-3.136453
-3.158209
-3.180366
-3.203304
-3.227017
-3.251238
-3.275775
-3.300728
-3.326384
-3.352821
-3.379463
-3.405087
-3.428565
-3.449437
-3.467816
-3.484259
-3.499612
-3.514566
-3.529087
-3.542382
-3.553744
-3.563223
-3.571710
-3.580468
-3.590322
-3.601448
-3.613564
-3.625786
-3.636867
-3.646014
-3.652892
-3.657337
-3.659583
-3.660052
-3.659048
-3.656594
-3.652215
-3.645285
-3.635645
-3.623799
-3.610523
-3.596493
-3.582274
-3.567924
-3.553054
-3.537535
-3.521389
-3.504595
-3.487071
-3.468397
-3.448045
-3.425944
-3.402819
-3.379870
-3.357757
-3.336266
-3.314968
-3.293692
-3.272369
-3.250670
-3.228220
-3.205012
-3.181208
-3.156812
-3.131731
-3.106013
-3.079877
-3.053514
-3.026912
-2.999774
-2.971750
-2.942820
-2.913383
-2.884047
-2.855253
-2.827186
-2.800043
-2.774077
-2.749433
-2.726003
-2.703359
-2.680876
-2.657795
-2.633397
-2.607200
-2.579115
-2.549618
-2.519245
-2.488055
-2.456391
-2.425373
-2.395984
-2.368605
-2.343275
-2.319687
-2.297366
-2.275787
-2.254300
-2.232450
-2.210303
-2.188285
-2.166844
-2.146336
-2.126931
-2.108636
-2.091503
-2.075627
-2.060992
-2.047345
-2.034188
-2.020969
-2.007315
-1.993185
-1.978592
-1.963478
-1.948106
-1.933104
-1.919032
-1.906145
-1.894499
-1.884020
-1.874471
-1.865617
-1.857365
-1.849688
-1.842468
-1.835505
-1.828616
-1.821637
-1.814505
-1.807540
-1.801422
-1.796655
-1.793079
-1.790102
-1.787258
-1.784485
-1.782195
-1.780898
-1.780826
-1.781754
-1.782954
-1.783397
-1.782159
-1.779256
-1.775646
-1.772222
-1.769369
-1.766962
-1.764747
-1.762658
-1.760634
-1.758708
-1.757069
-1.755838
-1.755111
-1.755082
-1.756001
-1.758093
-1.761577
-1.766680
-1.773508
-1.781747
-1.790692
-1.799654
-1.807999
-1.815279
-1.821581
-1.827087
-1.831720
-1.835597
-1.839035
-1.842418
-1.846301
-1.851257
-1.857779
-1.866232
-1.876657
-1.888899
-1.902800
-1.918095
-1.934346
-1.950858
-1.966857
-1.982169
-1.997323
-2.012766
-2.028376
-2.043677
-2.058199
-2.071623
-2.084096
-2.096362
-2.109182
-2.123142
-2.138549
-2.155085
-2.172221
-2.189571
-2.206788
-2.223679
-2.240113
-2.255845
-2.270718
-2.284929
-2.298980
-2.313285
-2.327902
-2.342640
-2.357226
-2.371372
-2.385060
-2.398716
-2.412795
-2.427569
-2.443310
-2.460200
-2.478098
-2.496769
-2.516134
-2.536125
-2.556612
-2.577499
-2.598787
-2.620632
-2.643251
-2.666617
-2.690359
-2.714124
-2.737873
-2.761692
-2.785521
-2.809249
-2.832841
-2.856268
-2.879483
-2.902438
-2.925040
-2.947158
-2.968840
-2.990472
-3.012547
-3.035487
-3.059638
-3.085053
-3.111422
-3.138282
-3.165100
-3.191283
-3.216252
-3.239754
-3.262122
-3.283908
-3.305428
-3.326704
-3.347582
-3.367969
-3.387919
-3.407590
-3.427122
-3.446518
-3.465593
-3.484006
-3.501396
-3.517452
-3.532197
-3.546183
-3.560057
-3.574285
-3.589118
-3.604666
-3.621288
-3.639479
-3.659529
-3.681246
-3.703672
-3.725516
-3.745627
-3.763265
-3.778629
-3.792582
-3.806062
-3.819850
-3.834291
-3.849389
-3.865023
-3.881001
-3.897168
-3.913441
-3.929713
-3.945782
-3.961468
-3.976725
-3.991555
-4.005838
-4.019450
-4.032522
-4.045382
-4.058322
-4.071469
-4.084530
-4.096898
-4.108036
-4.117444
-4.124846
-4.130514
-4.134869
-4.138219
-4.140910
-4.143179
-4.145105
-4.146844
-4.148508
-4.150035
-4.151346
-4.152403
-4.153182
-4.153708
-4.153900
-4.153443
-4.152071
-4.149854
-4.147011
-4.143695
-4.139998
-4.135832
-4.130956
-4.125325
-4.119167
-4.112707
-4.105924
-4.098503
-4.090084
-4.080572
-4.070155
-4.059031
-4.047269
-4.034914
-4.022134
-4.009184
-3.996306
-3.983668
-3.971240
-3.958829
-3.946239
-3.933231
-3.919498
-3.904690
-3.888412
-3.870482
-3.851155
-3.830894
-3.810141
-3.789080
-3.767541
-3.745316
-3.722262
-3.698160
-3.672796
-3.646198
-3.618706
-3.590708
-3.562529
-3.534383
-3.506100
-3.477273
-3.447766
-3.417779
-3.387567
-3.357342
-3.327293
-3.297372
-3.267269
-3.236828
-3.206379
-3.176548
-3.147794
-3.120282
-3.094024
-3.068813
-3.044218
-3.019849
-2.995553
-2.971215
-2.946483
-2.920943
-2.894326
-2.866601
-2.838055
-2.809036
-2.779821
-2.750631
-2.721505
-2.692460
-2.663660
-2.635257
-2.607332
-2.579936
-2.553116
-2.526977
-2.501644
-2.477202
-2.453586
-2.430513
-2.407651
-2.384716
-2.361458
-2.337843
-2.314043
-2.290198
-2.266430
-2.242828
-2.219315
-2.195748
-2.172096
-2.148547
-2.125505
-2.103410
-2.082678
-2.063606
-2.046176
-2.030227
-2.015771
-2.002935
-1.991704
-1.981666
-1.972074
-1.962212
-1.951645
-1.940377
-1.928654
-1.916648
-1.904555
-1.892577
-1.880822
-1.869552
-1.859226
-1.850245
-1.842737
-1.836372
-1.830570
-1.824837
-1.818711
-1.811955
-1.804682
-1.797020
-1.789047
-1.780914
-1.772767
-1.764622
-1.756335
-1.747740
-1.738696
-1.729091
-1.719046
-1.708957
-1.699226
-1.690221
-1.682357
-1.675789
-1.670008
-1.664182
-1.657747
-1.650284
-1.641315
-1.630544
-1.618362
-1.605892
-1.594382
-1.584806
-1.577621
-1.572619
-1.569257
-1.566900
-1.564710
-1.561767
-1.557336
-1.551127
-1.543239
-1.534078
-1.524577
-1.515724
-1.508087
-1.502074
-1.497660
-1.494226
-1.491148
-1.487882
-1.483867
-1.479045
-1.473948
-1.469106
-1.464936
-1.461754
-1.459547
-1.458145
-1.457416
-1.457070
-1.456644
-1.455726
-1.454279
-1.452810
-1.451871
-1.451505
-1.451469
-1.451735
-1.452571
-1.454269
-1.456832
-1.459934
-1.463238
-1.466649
-1.470299
-1.474306
-1.478484
-1.482437
-1.485802
-1.488352
-1.490211
-1.491791
-1.493235
-1.494454
-1.495579
-1.496817
-1.498304
-1.500259
-1.502926
-1.506424
-1.510590
-1.515067
-1.519676
-1.524247
-1.528298
-1.531340
-1.533300
-1.534587
-1.535717
-1.537020
-1.538633
-1.540497
-1.542441
-1.544291
-1.545946
-1.547408
-1.548701
-1.549828
-1.550829
-1.551803
-1.552890
-1.554231
-1.555963
-1.558204
-1.560949
-1.564054
-1.567355
-1.570628
-1.573505
-1.575586
-1.576668
-1.576923
-1.576721
-1.576457
-1.576614
-1.577670
-1.579896
-1.583185
-1.587018
-1.590720
-1.593878
-1.596643
-1.599561
-1.603109
-1.607567
-1.612848
-1.618539
-1.624263
-1.629672
-1.634542
-1.639032
-1.643397
-1.647735
-1.652089
-1.656519
-1.661115
-1.665966
-1.670975
-1.675795
-1.680071
-1.683668
-1.686759
-1.689554
-1.692044
-1.694283
-1.696411
-1.698476
-1.700675
-1.703284
-1.706253
-1.709301
-1.712271
-1.715229
-1.718240
-1.721055
-1.723257
-1.724526
-1.724688
-1.723900
-1.722562
-1.721003
-1.719513
-1.718367
-1.717800
-1.718054
-1.719329
-1.721584
-1.724344
-1.726796
-1.728177
-1.727977
-1.725815
-1.721703
-1.716323
-1.710784
-1.705899
-1.701298
-1.696058
-1.689898
-1.682797
-1.674488
-1.664754
-1.653518
-1.640918
-1.627526
-1.614206
-1.601619
-1.589960
-1.579037
-1.568278
-1.557047
-1.545165
-1.532776
-1.520049
-1.507185
-1.494452
-1.482178
-1.470734
-1.460467
-1.451382
-1.442922
-1.434139
-1.424163
-1.412753
-1.400121
-1.386553
-1.372211
-1.356943
-1.340760
-1.324274
-1.308199
-1.293083
-1.279276
-1.266450
-1.253820
-1.240847
-1.227363
-1.213433
-1.199151
-1.184580
-1.169753
-1.154503
-1.138547
-1.121693
-1.103968
-1.085671
-1.067143
-1.048675
-1.030537
-1.012887
-0.995814
-0.979436
-0.963790
-0.948656
-0.933642
-0.918481
-0.903205
-0.888006
-0.873045
-0.858503
-0.844591
-0.831330
-0.818453
-0.805624
-0.792623
-0.779432
-0.766233
-0.753148
-0.740104
-0.727013
-0.713937
-0.701015
-0.688183
-0.675134
-0.661729
-0.648358
-0.635668
-0.624070
-0.613644
-0.604150
-0.595094
-0.585994
-0.576652
-0.567330
-0.558542
-0.550763
-0.544185
-0.538443
-0.533180
-0.528453
-0.524093
-0.519620
-0.514666
-0.508900
-0.502131
-0.494697
-0.487194
-0.479987
-0.473349
-0.467418
-0.461939
-0.456574
-0.451220
-0.445960
-0.440942
-0.436296
-0.432160
-0.428555
-0.425258
-0.422028
-0.418823
-0.415604
-0.412109
-0.408016
-0.403216
-0.397872
-0.392256
-0.386605
-0.381121
-0.375815
-0.370538
-0.365307
-0.360196
-0.355124
-0.350024
-0.345029
-0.340388
-0.336284
-0.332672
-0.329125
-0.325105
-0.320270
-0.314395
-0.307415
-0.299487
-0.290791
-0.281409
-0.271314
-0.260426
-0.248782
-0.236631
-0.224302
-0.211998
-0.199660
-0.187072
-0.174055
-0.160497
-0.146473
-0.132252
-0.118087
-0.104127
-0.090324
-0.076458
-0.062420
-0.048325
-0.034362
-0.020598
-0.006993
0.006568
0.020282
0.034247
0.048365
0.062546
0.076806
0.091092
0.105320
0.119534
0.133826
0.148260
0.162860
0.177578
0.192424
0.207588
0.223214
0.239211
0.255397
0.271706
0.288158
0.304744
0.321446
0.338273
0.355226
0.372231
0.389107
0.405731
0.422195
0.438631
0.455062
0.471611
0.488570
0.506221
0.524641
0.543577
0.562724
0.581907
0.600907
0.619543
0.637903
0.656195
0.674491
0.692718
0.710798
0.728692
0.746427
0.764204
0.782395
0.801137
0.820092
0.838899
0.857318
0.875120
0.892300
0.909099
0.925797
0.942665
0.959906
0.977558
0.995528
1.013667
1.031780
1.049662
1.067081
1.083775
1.099506
1.114233
1.128192
1.141681
1.154989
1.168500
1.182521
1.197118
1.212174
1.227522
1.243059
1.258900
1.275258
1.292227
1.309878
1.328301
1.347400
1.366937
1.386718
1.406652
1.426762
1.447102
1.467681
1.488472
1.509458
1.530706
1.552323
1.574373
1.596811
1.619435
1.642005
1.664406
1.686784
1.709504
1.732936
1.757385
1.782805
1.808672
1.834416
1.859505
1.883431
1.906039
1.927594
1.948578
1.969488
1.990739
2.012705
2.035764
2.060029
2.085129
2.110508
2.135667
2.160227
2.184173
2.207701
2.230845
2.253473
2.275405
2.296567
2.317157
2.337534
2.358019
2.378936
2.400589
2.423041
2.446112
2.469541
2.493022
2.516260
2.539182
2.561972
2.584746
2.607499
2.630366
2.653516
2.676916
2.700322
2.723476
2.746319
2.768979
2.791552
2.814005
2.836260
2.858320
2.880248
2.902083
2.923860
2.945605
2.967245
2.988629
3.009628
3.030179
3.050327
3.070158
3.089699
3.108902
3.127764
3.146436
3.165127
3.183980
3.203095
3.222472
3.241939
3.261197
3.279944
3.298140
3.316121
3.334258
3.352653
3.371134
3.389421
3.407255
3.424549
3.441481
3.458248
3.474848
3.491220
3.507466
3.523813
3.540458
3.557638
3.575599
3.594317
3.613408
3.632312
3.650547
3.667919
3.684413
3.700119
3.715306
3.730318
3.745435
3.760666
3.775793
3.790632
3.804994
3.818603
3.831188
3.842516
3.852557
3.861592
3.869936
3.877790
3.885381
3.892940
3.900507
3.907909
3.914973
3.921681
3.928125
3.934262
3.939858
3.944715
3.948827
3.952421
3.955828
3.959193
3.962266
3.964558
3.965802
3.966132
3.965832
3.965085
3.963908
3.962203
3.959930
3.957183
3.954050
3.950518
3.946499
3.941905
3.936687
3.930902
3.924714
3.918234
3.911415
3.904153
3.896486
3.888588
3.880622
3.872737
3.865047
3.857490
3.849869
3.842046
3.833969
3.825642
3.817078
3.808257
3.799147
3.789726
3.779977
3.769940
3.759734
3.749432
3.738903
3.727901
3.716379
3.704477
3.692274
3.679765
3.666925
3.653802
3.640564
3.627381
3.614325
3.601285
3.588011
3.574344
3.560406
3.546576
3.533241
3.520606
3.508665
3.497323
3.486516
3.476158
3.466110
3.456239
3.446434
3.436705
3.427217
3.418151
3.409600
3.401480
3.393620
3.385982
3.378589
3.371411
3.364448
3.357706
3.351125
3.344602
3.338048
3.331375
3.324546
3.317636
3.310763
3.304017
3.297451
3.291053
3.284783
3.278616
3.272521
3.266533
3.260844
3.255712
3.251251
3.247357
3.243841
3.240545
3.237299
3.233990
3.230730
3.227790
3.225366
3.223505
3.222216
3.221598
3.221771
3.222736
3.224339
3.226363
3.228613
3.230908
3.233186
3.235579
3.238238
3.241280
3.244821
3.248851
3.253243
3.257890
3.262719
3.267671
3.272745
3.278030
3.283683
3.289849
3.296624
3.304014
3.311941
3.320293
3.328925
3.337681
3.346411
3.355023
3.363580
3.372237
3.381120
3.390334
3.399939
3.409953
3.420456
3.431539
3.443152
3.455105
3.467212
3.479422
3.491823
3.504420
3.516924
3.528945
3.540190
3.550609
3.560518
3.570321
3.580336
3.590817
3.601725
3.612812
3.623946
3.635079
3.646203
3.657423
3.668887
3.680725
3.693080
3.706107
3.719925
3.734415
3.749097
3.763438
3.777048
3.789728
3.801462
3.812304
3.822455
3.832235
3.841920
3.851638
3.861307
3.870824
3.880325
3.889966
3.899653
3.909285
3.918937
3.928700
3.938552
3.948333
3.957853
3.967068
3.976091
3.985048
3.994034
4.003136
4.012387
4.021768
4.031192
4.040459
4.049330
4.057606
4.065243
4.072399
4.079266
4.086003
4.092786
4.099630
4.106400
4.113125
4.119851
4.126432
4.132734
4.138678
4.144216
4.149483
4.154729
4.160159
4.165886
4.171849
4.177910
4.184079
4.190488
4.197237
4.204398
4.211956
4.219771
4.227697
4.235669
4.243729
4.251973
4.260469
4.269174
4.277891
4.286387
4.294488
4.302144
4.309513
4.316845
4.324369
4.332247
4.340521
4.349209
4.358352
4.367966
4.378026
4.388449
4.399091
4.409792
4.420396
4.430749
4.440797
4.450622
4.460224
4.469407
4.478038
4.486262
4.494435
4.502932
4.511908
4.521222
4.530661
4.540173
4.549922
4.560191
4.571159
4.582759
4.594767
4.606974
4.619234
4.631551
4.643986
4.656337
4.668254
4.679551
4.690301
4.700735
4.711081
4.721535
4.732191
4.742968
4.753841
4.764903
4.776174
4.787585
4.799075
4.810560
4.821896
4.832947
4.843672
4.854130
4.864431
4.874724
4.885114
4.895541
4.905891
4.916090
4.926082
4.935887
4.945588
4.955253
4.964938
4.974683
4.984505
4.994408
5.004393
5.014431
5.024440
5.034300
5.043905
5.053199
5.062290
5.071431
5.080807
5.090399
5.100003
5.109395
5.118373
5.126817
5.134910
5.142983
5.151141
5.159319
5.167516
5.175781
5.184125
5.192478
5.200663
5.208445
5.215618
5.222186
5.228390
5.234450
5.240430
5.246282
5.251950
5.257395
5.262587
5.267526
5.272219
5.276653
5.280799
5.284628
5.288120
5.291323
5.294394
5.297418
5.300279
5.302813
5.304973
5.306848
5.308538
5.309911
5.310671
5.310599
5.309636
5.308078
5.306464
5.305188
5.304302
5.303548
5.302630
5.301328
5.299510
5.297279
5.294880
5.292534
5.290362
5.288408
5.286672
5.285058
5.283410
5.281610
5.279586
5.277273
5.274528
5.271101
5.266820
5.261646
5.255651
5.249085
5.242234
5.235176
5.227819
5.220153
5.212265
5.204142
5.195761
5.187270
5.178803
5.170312
5.161657
5.152731
5.143516
5.134098
5.124595
5.115106
5.105681
5.096262
5.086750
5.077134
5.067484
5.057866
5.048278
5.038643
5.028868
5.018905
5.008733
4.998342
4.987756
4.977024
4.966187
4.955292
4.944397
4.933561
4.922818
4.912151
4.901503
4.890824
4.880054
4.869138
4.858122
4.847121
4.836219
4.825447
4.814732
4.803948
4.793058
4.782132
4.771249
4.760426
4.749597
4.738659
4.727558
4.716321
4.705011
4.693654
4.682220
4.670714
4.659241
4.647918
4.636827
4.626022
4.615427
4.604886
4.594274
4.583543
4.572763
4.562003
4.551178
4.540158
4.528898
4.517447
4.505897
4.494325
4.482801
4.471393
4.460169
4.449160
4.438280
4.427351
4.416232
4.404837
4.393113
4.381106
4.369019
4.357062
4.345225
4.333300
4.321070
4.308439
4.295512
4.282493
4.269452
4.256305
4.242938
4.229282
4.215350
4.201261
4.187136
4.173012
4.158829
4.144508
4.130015
4.115379
4.100649
4.085835
4.070888
4.055736
4.040320
4.024605
4.008615
3.992398
3.975953
3.959260
3.942339
3.925288
3.908273
3.891427
3.874778
3.858307
3.842010
3.825871
3.809815
3.793717
3.777453
3.760966
3.744271
3.727395
3.710354
3.693190
3.675972
3.658765
3.641572
3.624312
3.606891
3.589243
3.571349
3.553267
3.535066
3.516788
3.498409
3.479831
3.460995
3.441983
3.422967
3.404143
3.385610
3.367231
3.348791
3.330149
3.311234
3.292074
3.272700
3.253018
3.232878
3.212182
3.190970
3.169452
3.147897
3.126458
3.105010
3.083250
3.061146
3.038985
3.017026
2.995410
2.974109
2.952875
2.931456
2.909711
2.887599
2.865110
2.842223
2.818926
2.795199
2.771024
2.746471
2.721717
2.696932
2.672189
2.647371
2.622285
2.596889
2.571269
2.545564
2.519976
2.494676
2.469724
2.445066
2.420615
2.396344
2.372236
2.348200
2.324106
2.299881
2.275567
2.251284
2.227139
2.203226
2.179602
2.156155
2.132603
2.108672
2.084254
2.059382
2.034157
2.008748
1.983305
1.957765
1.931986
1.906009
1.879959
1.853888
1.827838
1.801838
1.775820
1.749714
1.723516
1.697220
1.670818
1.644360
1.617915
1.591525
1.565155
1.538718
1.512217
1.485756
1.459424
1.433239
1.407113
1.380932
1.354655
1.328261
1.301770
1.275286
1.248894
1.222607
1.196441
1.170497
1.144994
1.120156
1.095940
1.071907
1.047433
1.021998
0.995624
0.969221
0.943973
0.920361
0.897970
0.876034
0.854022
0.831866
0.809812
0.788073
0.766502
0.744540
0.721585
0.697454
0.672616
0.647956
0.624145
0.601283
0.579088
0.557250
0.535512
0.513780
0.492215
0.470820
0.449236
0.427100
0.404346
0.381414
0.358947
0.337099
0.315555
0.293954
0.272020
0.249544
0.226564
0.203463
0.180645
0.158210
0.135971
0.113709
0.091259
0.068524
0.045593
0.022669
-0.000080
-0.022566
-0.044882
-0.067237
-0.089764
-0.112449
-0.135138
-0.157597
-0.179704
-0.201566
-0.223325
-0.244960
-0.266357
-0.287604
-0.309041
-0.330977
-0.353470
-0.376260
-0.398965
-0.421325
-0.443338
-0.465240
-0.487210
-0.509250
-0.531280
-0.553195
-0.574975
-0.596700
-0.618410
-0.640033
-0.661496
-0.682843
-0.704172
-0.725573
-0.747115
-0.768848
-0.790758
-0.812691
-0.834402
-0.855714
-0.876645
-0.897349
-0.917934
-0.938467
-0.959044
-0.979678
-1.000237
-1.020594
-1.040722
-1.060645
-1.080353
-1.099745
-1.118648
-1.136954
-1.154770
-1.172323
-1.189742
-1.207004
-1.224011
-1.240687
-1.256994
-1.272922
-1.288547
-1.303997
-1.319399
-1.334878
-1.350529
-1.366368
-1.382253
-1.397919
-1.413172
-1.427981
-1.442366
-1.456269
-1.469696
-1.482838
-1.495932
-1.509133
-1.522443
-1.535724
-1.548782
-1.561493
-1.573986
-1.586495
-1.599067
-1.611649
-1.624205
-1.636722
-1.649247
-1.661799
-1.674253
-1.686439
-1.698314
-1.710022
-1.721778
-1.733815
-1.746310
-1.759166
-1.772035
-1.784557
-1.796547
-1.808108
-1.819538
-1.831092
-1.842805
-1.854503
-1.865965
-1.877114
-1.888083
-1.899052
-1.910084
-1.921161
-1.932282
-1.943420
-1.954322
-1.964497
-1.973571
-1.981694
-1.989321
-1.996680
-2.003738
-2.010391
-2.016491
-2.021969
-2.026971
-2.031741
-2.036541
-2.041630
-2.047023
-2.052235
-2.056468
-2.059212
-2.060579
-2.061106
-2.061447
-2.062036
-2.062822
-2.063478
-2.063827
-2.064012
-2.064153
-2.064037
-2.063409
-2.062142
-2.060207
-2.058060
-2.056737
-2.057178
-2.059539
-2.063147
-2.067142
-2.071134
-2.075146
-2.079164
-2.082970
-2.086184
-2.088285
-2.089081
-2.089344
-2.090302
-2.092609
-2.095904
-2.098790
-2.099755
-2.098523
-2.096576
-2.095826
-2.096693
-2.098692
-2.101637
-2.105252
-2.109032
-2.112689
-2.116259
-2.119674
-2.122324
-2.123515
-2.123297
-2.122255
-2.120884
-2.119357
-2.117339
-2.114128
-2.109484
-2.103882
-2.097875
-2.092097
-2.087446
-2.084474
-2.082753
-2.081142
-2.078856
-2.075990
-2.072786
-2.068800
-2.063249
-2.055738
-2.046371
-2.035879
-2.025458
-2.015906
-2.007208
-1.998634
-1.988906
-1.977208
-1.964380
-1.952343
-1.942491
-1.934860
-1.928389
-1.922117
-1.915980
-1.910199
-1.904398
-1.897452
-1.887989
-1.875683
-1.862029
-1.849149
-1.838366
-1.828973
-1.818374
-1.804772
-1.788537
-1.771731
-1.757265
-1.746956
-1.740105
-1.734272
-1.727614
-1.720817
-1.716498
-1.717271
-1.724402
-1.736437
-1.749771
-1.761470
-1.771039
-1.779901
-1.789379
-1.799366
-1.808501
-1.815117
-1.818439
-1.819186
-1.819278
-1.820456
-1.822777
-1.825173
-1.827228
-1.829904
-1.835462
-1.846055
-1.861216
-1.878120
-1.894521
-1.909265
-1.920963
-1.928753
-1.933272
-1.936177
-1.939564
-1.944846
-1.952096
-1.960783
-1.969852
-1.977320
-1.981486
-1.983040
-1.984418
-1.987045
-1.991205
-1.997225
-2.005279
-2.015105
-2.025803
-2.036712
-2.048546
-2.062383
-2.078718
-2.097563
-2.118369
-2.139815
-2.159617
-2.175557
-2.187404
-2.197017
-2.206562
-2.217365
-2.230078
-2.244802
-2.260873
-2.277424
-2.294064
-2.310464
-2.326299
-2.341797
-2.357697
-2.374950
-2.394101
-2.414219
-2.433277
-2.450415
-2.466542
-2.482443
-2.497950
-2.512450
-2.525291
-2.536083
-2.544586
-2.550882
-2.555706
-2.559967
-2.564471
-2.570186
-2.577882
-2.587522
-2.598308
-2.609320
-2.620072
-2.630470
-2.640629
-2.650659
-2.660627
-2.670779
-2.681834
-2.694654
-2.709023
-2.723453
-2.736653
-2.748722
-2.760814
-2.773954
-2.788620
-2.805255
-2.824285
-2.845740
-2.869268
-2.894389
-2.920669
-2.947626
-2.974575
-3.000786
-3.025799
-3.049705
-3.073061
-3.096389
-3.119738
-3.142718
-3.165215
-3.188024
-3.212297
-3.238627
-3.266981
-3.296967
-3.327797
-3.358180
-3.386237
-3.410326
-3.430327
-3.447313
-3.462700
-3.477979
-3.494247
-3.512145
-3.532086
-3.553802
-3.576161
-3.597925
-3.618394
-3.637624
-3.656449
-3.675924
-3.696596
-3.718572
-3.742161
-3.768042
-3.796193
-3.825109
-3.852896
-3.878471
-3.901439
-3.921868
-3.940139
-3.956582
-3.971847
-3.987064
-4.003284
-4.021441
-4.041847
-4.063256
-4.083862
-4.103019
-4.121362
-4.139887
-4.159214
-4.179424
-4.200347
-4.221732
-4.243344
-4.265191
-4.287219
-4.308910
-4.329670
-4.349559
-4.369344
-4.389894
-4.411821
-4.435167
-4.459295
-4.483536
-4.507334
-4.530230
-4.552188
-4.573534
-4.594960
-4.617387
-4.641393
-4.666859
-4.692945
-4.718621
-4.743227
-4.766561
-4.788998
-4.811357
-4.834363
-4.858197
-4.882546
-4.906952
-4.931002
-4.954482
-4.977415
-4.999764
-5.021255
-5.041537
-5.060448
-5.078125
-5.094823
-5.110781
-5.126277
-5.141625
-5.156993
-5.172135
-5.186511
-5.199688
-5.211620
-5.222760
-5.233803
-5.245373
-5.257903
-5.271628
-5.286561
-5.302395
-5.318573
-5.334375
-5.348948
-5.361567
-5.371875
-5.379857
-5.385608
-5.389291
-5.391248
-5.391920
-5.391732
-5.391137
-5.390628
-5.390618
-5.391238
-5.392286
-5.393481
-5.394738
-5.396163
-5.397824
-5.399686
-5.401693
-5.403800
-5.406036
-5.408440
-5.410860
-5.412981
-5.414485
-5.415195
-5.415198
-5.414744
-5.413987
-5.412891
-5.411462
-5.409964
-5.408753
-5.408051
-5.407892
-5.408203
-5.408844
-5.409435
-5.409426
-5.408513
-5.406804
-5.404599
-5.402135
-5.399460
-5.396506
-5.393169
-5.389245
-5.384455
-5.378663
-5.372046
-5.364922
-5.357491
-5.349906
-5.342419
-5.335353
-5.329016
-5.323481
-5.318435
-5.313399
-5.307906
-5.301575
-5.294387
-5.286544
-5.278109
-5.269163
-5.259897
-5.250310
-5.240139
-5.229086
-5.216925
-5.203530
-5.189003
-5.173589
-5.157487
-5.140860
-5.123890
-5.106683
-5.089249
-5.071544
-5.053446
-5.034800
-5.015530
-4.995641
-4.975131
-4.954041
-4.932608
-4.911151
-4.889922
-4.869038
-4.848389
-4.827771
-4.807024
-4.786030
-4.764831
-4.743624
-4.722629
-4.701925
-4.681365
-4.660757
-4.640037
-4.619154
-4.598031
-4.576684
-4.555176
-4.533480
-4.511583
-4.489588
-4.467537
-4.445374
-4.423116
-4.400810
-4.378356
-4.355558
-4.332260
-4.308443
-4.284348
-4.260344
-4.236739
-4.213834
-4.191739
-4.170198
-4.148921
-4.127736
-4.106422
-4.084808
-4.062945
-4.040884
-4.018439
-3.995363
-3.971580
-3.947268
-3.922790
-3.898463
-3.874487
-3.850966
-3.827895
-3.805166
-3.782700
-3.760579
-3.738987
-3.718020
-3.697594
-3.677515
-3.657605
-3.637767
-3.618071
-3.598661
-3.579509
-3.560456
-3.541388
-3.522244
-3.503010
-3.483691
-3.464257
-3.444648
-3.424863
-3.405068
-3.385499
-3.366313
-3.347605
-3.329386
-3.311591
-3.294266
-3.277561
-3.261530
-3.246107
-3.231236
-3.216885
-3.203013
-3.189605
-3.176606
-3.163850
-3.151103
-3.138267
-3.125483
-3.112952
-3.100792
-3.089099
-3.077908
-3.067182
-3.056918
-3.047089
-3.037637
-3.028580
-3.019931
-3.011604
-3.003493
-2.995589
-2.987979
-2.980723
-2.973780
-2.967082
-2.960630
-2.954519
-2.948915
-2.943989
-2.939777
-2.936102
-2.932716
-2.929466
-2.926389
-2.923666
-2.921405
-2.919540
-2.917903
-2.916318
-2.914683
-2.913045
-2.911572
-2.910397
-2.909558
-2.908963
-2.908428
-2.907799
-2.906960
-2.905818
-2.904325
-2.902572
-2.900787
-2.899180
-2.897818
-2.896563
-2.895186
-2.893502
-2.891540
-2.889673
-2.888286
-2.887418
-2.886841
-2.886278
-2.885559
-2.884755
-2.884109
-2.883775
-2.883721
-2.883804
-2.883988
-2.884461
-2.885435
-2.886951
-2.888833
-2.890816
-2.892653
-2.894194
-2.895480
-2.896648
-2.897811
-2.899024
-2.900265
-2.901598
-2.903210
-2.905207
-2.907547
-2.910130
-2.912840
-2.915623
-2.918524
-2.921607
-2.924851
-2.928129
-2.931224
-2.933928
-2.936157
-2.937996
-2.939588
-2.940997
-2.942166
-2.942955
-2.943224
-2.942930
-2.942232
-2.941417
-2.940678
-2.940026
-2.939289
-2.938224
-2.936783
-2.935095
-2.933241
-2.931220
-2.928990
-2.926501
-2.923750
-2.920806
-2.917748
-2.914577
-2.911218
-2.907597
-2.903706
-2.899593
-2.895246
-2.890563
-2.885468
-2.879917
-2.873933
-2.867637
-2.861128
-2.854450
-2.847613
-2.840585
-2.833342
-2.825871
-2.818139
-2.810099
-2.801718
-2.793073
-2.784353
-2.775663
-2.766976
-2.758326
-2.749813
-2.741481
-2.733339
-2.725383
-2.717604
-2.709966
-2.702386
-2.694779
-2.687107
-2.679364
-2.671587
-2.663842
-2.656203
-2.648754
-2.641520
-2.634346
-2.627011
-2.619380
-2.611366
-2.602958
-2.594221
-2.585215
-2.576014
-2.566720
-2.557425
-2.548244
-2.539294
-2.530569
-2.521834
-2.512794
-2.503324
-2.493448
-2.483192
-2.472695
-2.462288
-2.452194
-2.442291
-2.432279
-2.421857
-2.410732
-2.398877
-2.386580
-2.374061
-2.361406
-2.348643
-2.335715
-2.322624
-2.309416
-2.296052
-2.282474
-2.268682
-2.254683
-2.240489
-2.226127
-2.211654
-2.197166
-2.182763
-2.168473
-2.154200
-2.139808
-2.125204
-2.110367
-2.095337
-2.080156
-2.064827
-2.049333
-2.033654
-2.017794
-2.001788
-1.985691
-1.969521
-1.953229
-1.936776
-1.920212
-1.903588
-1.886835
-1.869846
-1.852544
-1.834842
-1.816656
-1.797947
-1.778692
-1.758860
-1.738462
-1.717604
-1.696432
-1.675032
-1.653417
-1.631594
-1.609582
-1.587391
-1.565034
-1.542504
-1.519722
-1.496584
-1.473061
-1.449244
-1.425230
-1.401030
-1.376644
-1.352187
-1.327846
-1.303725
-1.279750
-1.255778
-1.231721
-1.207564
-1.183373
-1.159236
-1.135208
-1.111301
-1.087462
-1.063651
-1.039857
-1.016037
-0.992136
-0.968122
-0.944006
-0.919865
-0.895810
-0.871959
-0.848410
-0.825177
-0.802192
-0.779394
-0.756752
-0.734249
-0.711809
-0.689245
-0.666364
-0.643078
-0.619546
-0.596124
-0.573138
-0.550772
-0.528979
-0.507510
-0.486109
-0.464495
-0.442458
-0.420054
-0.397437
-0.374738
-0.352181
-0.330052
-0.308629
-0.288020
-0.268022
-0.248337
-0.228701
-0.208862
-0.188766
-0.168582
-0.148457
-0.128475
-0.108669
-0.088998
-0.069463
-0.050100
-0.030874
-0.011720
0.007385
0.026426
0.045367
0.064204
0.082953
0.101571
0.119985
0.138196
0.156238
0.174096
0.191742
0.209191
0.226538
0.243911
0.261388
0.278923
0.296394
0.313694
0.330762
0.347596
0.364185
0.380438
0.396256
0.411619
0.426655
0.441628
0.456747
0.472022
0.487320
0.502507
0.517463
0.532123
0.546537
0.560720
0.574650
0.588409
0.602060
0.615523
0.628689
0.641504
0.653962
0.666095
0.677955
0.689636
0.701212
0.712636
0.723805
0.734712
0.745440
0.756031
0.766449
0.776660
0.786739
0.796814
0.806919
0.816948
0.826746
0.836200
0.845271
0.854062
0.862712
0.871255
0.879696
0.888023
0.896197
0.904191
0.911961
0.919414
0.926450
0.933092
0.939470
0.945667
0.951714
0.957645
0.963483
0.969246
0.974946
0.980567
0.986066
0.991398
0.996513
1.001373
1.005983
1.010360
1.014497
1.018366
1.021917
1.025097
1.027884
1.030332
1.032580
1.034752
1.036857
1.038803
1.040501
1.041900
1.042996
1.043828
1.044402
1.044697
1.044755
1.044649
1.044421
1.044071
1.043552
1.042784
1.041704
1.040296
1.038621
1.036766
1.034773
1.032676
1.030522
1.028339
1.026109
1.023772
1.021268
1.018576
1.015716
1.012725
1.009625
1.006432
1.003153
0.999790
0.996345
0.992815
0.989187
0.985443
0.981574
0.977573
0.973449
0.969225
0.964914
0.960502
0.955963
0.951296
0.946521
0.941631
0.936593
0.931385
0.926021
0.920524
0.914896
0.909127
0.903208
0.897127
0.890893
0.884561
0.878193
0.871817
0.865435
0.859018
0.852526
0.845916
0.839157
0.832253
0.825230
0.818110
0.810906
0.803630
0.796290
0.788893
0.781440
0.773926
0.766348
0.758707
0.751007
0.743257
0.735467
0.727641
0.719781
0.711885
0.703954
0.695992
0.688001
0.679977
0.671916
0.663816
0.655679
0.647510
0.639316
0.631097
0.622849
0.614565
0.606245
0.597891
0.589512
0.581116
0.572710
0.564301
0.555894
0.547491
0.539090
0.530689
0.522290
0.513899
0.505520
0.497152
0.488791
0.480439
0.472094
0.463761
0.455444
0.447144
0.438862
0.430600
0.422359
0.414143
0.405955
0.397796
0.389665
0.381565
0.373496
0.365462
0.357464
0.349503
0.341583
0.333706
0.325877
0.318096
0.310365
0.302683
0.295053
0.287474
0.279950
0.272484
0.265077
0.257732
0.250449
0.243231
0.236079
0.228993
0.221976
0.215031
0.208160
0.201363
0.194644
0.188002
0.181441
0.174961
0.168564
0.162253
0.156028
0.149891
0.143844
0.137889
0.132026
0.126258
0.120586
0.115012
0.109536
0.104161
0.098888
0.093718
0.088653
0.083695
0.078844
0.074102
0.069470
0.064950
0.060543
0.056250
0.052073
0.048012
0.044069
0.040246
0.036542
0.032960
0.029500
0.026164
0.022952
0.019866
0.016907
0.014076
0.011373
0.008800
0.006358
0.004046
0.001868
-0.000178
-0.002089
-0.003866
-0.005507
-0.007012
-0.008380
-0.009610
-0.010701
-0.011654
-0.012466
-0.013139
-0.013670
-0.014060
-0.014308
-0.014414
