0.000000
-0.004413
-0.008854
-0.013320
-0.017797
-0.022262
-0.026767
-0.031509
-0.036686
-0.041681
-0.045630
-0.048384
-0.051730
-0.058969
-0.069647
-0.075635
-0.071361
-0.061929
-0.058870
-0.078192
-0.109173
-0.116796
-0.084702
-0.032141
-0.025553
-0.082667
-0.126986
-0.116680
-0.078942
-0.037491
-0.010164
-0.037950
-0.133203
-0.230824
-0.293467
-0.302725
-0.258597
-0.219485
-0.213107
-0.255988
-0.323829
-0.361140
-0.324973
-0.256235
-0.272681
-0.435241
-0.710358
-0.949394
-0.961747
-0.681983
-0.274278
-0.111768
-0.300324
-0.677934
-1.209072
-1.764747
-2.164820
-2.398381
-2.491937
-2.514086
-2.444880
-2.126215
-1.651409
-1.300549
-1.074939
-0.841139
-0.770122
-1.010097
-1.380607
-1.733336
-1.952663
-2.005788
-2.048213
-2.141459
-2.220861
-2.141441
-1.930399
-1.803746
-1.810170
-1.864043
-1.997201
-2.306323
-2.762588
-3.151375
-3.144304
-2.571275
-1.675253
-1.091589
-1.089375
-1.371891
-1.502663
-1.285678
-1.315969
-2.017819
-2.992849
-4.005731
-4.913214
-5.152371
-4.668969
-3.811796
-2.877382
-2.286895
-2.098257
-2.092140
-2.140804
-2.145708
-2.275394
-2.744562
-3.476802
-4.058640
-4.072346
-3.922130
-4.125057
-4.547231
-4.982857
-5.406980
-5.776501
-6.201809
-6.720024
-6.897445
-6.450964
-5.805390
-5.363686
-4.979882
-4.636648
-4.547768
-4.638667
-4.833288
-5.250313
-5.837189
-6.383373
-6.698810
-6.682745
-6.446748
-6.342230
-6.500425
-6.715038
-6.869746
-7.071646
-7.402364
-7.688726
-7.803994
-7.813541
-7.979052
-8.454874
-9.164969
-9.767791
-10.026070
-10.107400
-10.122920
-10.214810
-10.434320
-10.595410
-10.626450
-10.655340
-10.792490
-11.101420
-11.515080
-11.885330
-12.175280
-12.260860
-12.067040
-11.786920
-11.460870
-10.953970
-10.507500
-10.471270
-10.903650
-11.911720
-13.254400
-14.423930
-15.397670
-16.415090
-17.418610
-18.010370
-18.179730
-18.201080
-18.214790
-18.403860
-18.514320
-18.262060
-17.839180
-17.258180
-16.439170
-15.428370
-14.396810
-13.699430
-13.376390
-13.213460
-13.248320
-13.618160
-14.324740
-15.188050
-15.213600
-13.880490
-12.169730
-10.578000
-9.177596
-8.156020
-7.397476
-6.795364
-6.320727
-6.165683
-6.600478
-7.561554
-8.702167
-9.108797
-8.546864
-8.106094
-8.445298
-9.228364
-10.275270
-11.796860
-13.624680
-15.454910
-17.203980
-18.985740
-20.773060
-22.414070
-23.919330
-25.270100
-26.254230
-26.764400
-26.981420
-27.299170
-27.866970
-28.483500
-29.143260
-29.639360
-29.728540
-29.530650
-29.104840
-29.023780
-29.889600
-31.347100
-33.175200
-35.369160
-37.365960
-38.941940
-40.212280
-41.072410
-41.483530
-41.291460
-40.306900
-38.524600
-36.093970
-33.288570
-30.524550
-28.320420
-26.628020
-24.928290
-22.860850
-20.431090
-17.684940
-14.601160
-11.391250
-8.217110
-5.240641
-2.519014
0.072621
2.442691
4.489069
6.281123
7.957731
9.523680
10.861610
12.257410
13.841270
15.294010
16.502010
17.645760
19.520740
22.619080
26.616800
30.922090
35.340560
40.342310
45.844280
51.328320
56.302190
60.747340
65.170670
69.026410
71.384020
72.632520
73.012520
72.416700
70.931350
68.984910
68.781740
71.328830
75.153500
78.730160
81.598660
84.758830
89.184300
94.077750
98.375610
102.235600
105.706400
108.457300
110.455000
112.113700
113.476300
114.202500
114.412700
114.213700
113.364400
112.024600
110.258900
108.126600
106.027600
103.476000
99.996610
95.819610
91.666150
88.703230
85.977680
82.364180
78.915400
76.071470
73.530020
71.245570
68.919230
66.232930
63.621700
61.173680
58.086410
54.228110
49.643850
44.060240
38.585030
34.076480
29.675170
24.268860
17.771370
11.060280
5.234856
1.172055
-2.026135
-5.221124
-7.827121
-9.733617
-11.338960
-13.188330
-15.362460
-17.536280
-19.741450
-21.722650
-23.159610
-24.147860
-24.469660
-24.199650
-24.523810
-25.953620
-27.758510
-29.127020
-29.542650
-29.018390
-27.999210
-26.857410
-26.074300
-25.715610
-25.203920
-24.693040
-24.941220
-26.296240
-28.133650
-29.645190
-30.975580
-32.654570
-34.476750
-35.787240
-36.444030
-36.119460
-34.760540
-33.102810
-31.197720
-29.002250
-26.774570
-24.402420
-21.819090
-19.248940
-16.884130
-14.650320
-12.450980
-10.273320
-8.090183
-6.014416
-4.117677
-2.325748
-0.662464
0.876315
2.528537
4.433352
6.582171
8.994326
11.571240
14.079030
16.457170
18.702540
20.647410
22.351010
23.836350
25.032330
26.093880
27.071350
27.869590
28.497220
29.053180
29.593690
30.150320
30.837430
31.575880
32.226920
32.952310
33.668980
33.789480
33.069920
31.780340
29.952960
27.814080
25.835710
24.083340
22.282520
20.136720
17.725130
15.093400
12.749790
11.157230
10.299840
10.728490
12.734600
16.108030
20.306540
24.759680
28.785500
31.846580
34.140290
35.499120
35.772310
35.421590
34.623740
33.358090
31.842470
30.264160
28.537120
26.350440
23.517470
21.012450
19.349840
17.724940
15.960630
14.023070
11.590590
8.707749
5.816366
3.310924
1.147797
-0.961438
-2.652859
-2.834435
-0.810998
2.599815
6.507657
11.164980
15.844380
18.710920
20.226600
21.343970
21.685250
21.942630
22.520190
22.945870
23.489170
24.397150
25.064230
25.253310
24.823450
23.358100
21.304080
19.418240
17.624480
15.876420
14.053890
12.021300
10.399430
9.272773
7.865126
6.270498
4.933331
3.331991
1.245262
-1.107655
-3.645559
-5.951250
-8.020504
-10.075240
-11.694900
-12.653220
-13.067580
-13.058570
-13.267770
-14.196340
-15.231030
-15.517330
-14.844870
-13.229180
-10.855160
-9.092796
-8.147767
-7.103652
-6.321936
-6.565560
-8.180504
-10.538280
-13.285210
-16.403220
-18.961950
-20.964320
-23.255310
-25.147550
-25.803050
-25.951870
-25.677680
-24.282270
-23.309620
-24.033720
-25.542560
-27.570490
-29.535310
-30.492320
-31.136410
-32.018260
-32.938730
-33.920370
-35.041130
-35.842580
-35.842640
-35.976420
-36.926210
-38.250640
-40.408110
-43.042020
-44.761740
-45.497970
-45.844460
-46.222660
-46.780600
-47.341610
-47.462070
-47.094730
-46.818480
-46.878030
-46.701030
-45.941800
-44.683470
-42.890630
-40.781040
-38.913830
-37.532170
-36.303180
-35.145720
-34.218700
-33.338990
-32.285990
-30.901310
-29.107360
-26.866440
-24.131910
-21.112840
-18.017090
-14.869280
-11.751290
-8.763403
-6.027356
-3.779381
-2.126475
-1.090357
-0.564047
-0.181228
0.136217
0.168366
0.000991
0.166841
0.679469
1.146914
1.755534
2.714391
3.803839
4.543411
4.875983
5.363185
6.051772
6.136445
4.532495
1.245292
-1.620410
-1.234071
0.342171
-0.167101
-1.139107
-1.346342
-1.453815
-1.893000
-3.131225
-5.623782
-9.527440
-14.218950
-18.603120
-22.805650
-26.895840
-29.683010
-31.173110
-32.907500
-35.654990
-38.426070
-40.259590
-41.275240
-41.250430
-39.775640
-36.644590
-31.422640
-24.316470
-17.439850
-12.443240
-8.349201
-4.774598
-2.451946
-1.397665
-1.692187
-3.017023
-4.208342
-4.382703
-3.287002
-3.479166
-6.609278
-10.796520
-14.447080
-17.687410
-21.633310
-25.708260
-28.612610
-30.793680
-32.814880
-33.618580
-33.402020
-32.954210
-32.628010
-32.461850
-31.670260
-30.789120
-30.608090
-30.827040
-31.400430
-32.387030
-33.534580
-34.763500
-34.809480
-32.293560
-28.560750
-25.235720
-23.095340
-22.277920
-22.142870
-22.641330
-23.730970
-25.198780
-27.069650
-29.330320
-31.796200
-34.311620
-36.634010
-38.356480
-39.360620
-39.996780
-40.792850
-42.225710
-44.683070
-48.370270
-51.214820
-51.626930
-51.701770
-52.254650
-52.074640
-51.266660
-50.339200
-48.829580
-47.044410
-46.353890
-46.452570
-45.956470
-45.178940
-45.681070
-47.448430
-50.043860
-53.689450
-56.398140
-55.047000
-52.095160
-51.265100
-50.741500
-49.563620
-48.554140
-47.397740
-45.890800
-44.146380
-41.959420
-39.075780
-35.806490
-32.679970
-29.940100
-28.134390
-27.094870
-26.224130
-25.836940
-26.439400
-27.780560
-29.091700
-30.260300
-31.890020
-34.265980
-36.899220
-39.564250
-42.536910
-45.846350
-49.139820
-51.695470
-52.613150
-52.422570
-51.864670
-49.771290
-44.505980
-36.325620
-27.918180
-20.700950
-14.172510
-8.864682
-5.038186
-1.856739
0.746249
2.262059
2.884202
3.007940
2.765040
2.459819
2.426857
2.351450
2.262688
2.788766
3.798611
4.539909
4.064326
1.946946
-1.098939
-4.135593
-7.180355
-9.898896
-12.010650
-14.779810
-18.845060
-23.548850
-27.888150
-31.097930
-33.763110
-36.693070
-39.889350
-43.597560
-47.694040
-50.759580
-52.799780
-54.704140
-55.528780
-53.804470
-46.960910
-35.796970
-24.816630
-15.411780
-8.043375
-2.922592
1.539052
6.563542
11.540750
14.336330
14.017420
12.990420
14.002570
16.371180
18.212650
19.438620
20.416170
20.529520
19.908480
19.773370
20.083450
19.631890
17.920620
15.044000
10.830520
5.630850
-0.118544
-5.474486
-8.954321
-11.581630
-14.871730
-17.664310
-18.497180
-17.536090
-15.680260
-13.809260
-12.897460
-12.231450
-10.174870
-7.204376
-4.270756
-1.360551
2.418137
7.868011
15.171490
23.424550
30.450990
35.573030
38.698630
40.548510
42.488550
44.425000
46.087690
47.466460
48.507560
48.969210
48.875290
48.029460
46.227130
44.805330
44.595770
44.420650
43.464890
43.229680
45.280200
49.075570
54.144430
59.433400
63.005420
63.411040
60.907970
56.631250
51.448720
47.584140
45.321650
41.824620
36.127950
29.240170
20.924560
11.620640
5.416541
3.431762
3.789520
7.010365
10.354330
11.794240
13.324870
14.831590
15.463330
15.481260
15.176380
14.657840
14.029440
13.255120
12.235550
11.510740
11.858820
12.747930
13.037870
12.625970
12.139730
13.256390
15.982830
18.991780
22.505570
26.097190
28.685690
29.973570
29.835340
27.863160
24.990370
23.462700
23.304960
22.769960
22.016020
21.710070
21.927340
22.849040
24.095870
24.998280
25.558130
26.053940
26.022120
25.314870
25.071360
26.713650
30.389990
33.820900
34.627330
34.200100
33.968980
33.206280
32.266440
31.459000
30.336970
28.973600
27.322990
25.336420
23.242290
20.946620
18.612500
16.868490
16.557500
17.713790
20.376280
24.341370
28.624910
33.100010
37.631530
41.214660
43.081460
43.307240
41.745350
38.962230
35.972660
32.863020
29.421200
25.693280
22.148840
18.961930
15.833050
12.802730
9.932730
7.049401
4.626837
3.294771
2.991335
3.315352
4.231827
5.763229
7.626088
9.599455
11.317750
12.250390
12.269580
11.626820
10.685930
9.843848
9.088439
8.191695
7.019676
5.541883
4.116624
3.350121
3.260099
3.541953
4.312386
5.631601
7.220616
8.865426
10.532750
12.204230
13.844400
15.313490
16.385520
16.950770
17.070920
16.738130
16.027720
15.083290
13.902690
12.522660
10.980350
9.350259
7.715861
5.956665
4.000718
2.204950
1.099830
0.856096
1.294952
2.402369
4.474979
7.521356
10.640360
13.034980
14.788930
15.990010
16.707450
17.092600
17.068650
16.340680
14.861940
13.045280
11.171900
9.381382
7.721567
6.425073
5.744916
5.345915
4.949445
4.693661
4.734898
5.079903
5.582407
6.105357
6.732732
7.451987
7.863163
7.949188
7.878760
7.192769
6.000621
4.928733
3.982885
2.863787
1.429912
-0.179084
-1.654468
-2.783146
-3.260141
-3.205320
-2.804547
-1.660656
0.011551
1.848939
3.814068
5.707787
7.422163
8.916651
10.138310
11.048850
11.564680
11.831490
12.056290
12.179780
12.130700
11.792580
11.109560
10.269130
9.189066
7.804608
6.286477
4.692665
3.163750
1.749636
0.375784
-0.843638
-1.796135
-2.561120
-3.377089
-4.554446
-5.921245
-6.781735
-6.984976
-6.867348
-6.892781
-7.521007
-8.416144
-9.163885
-9.494112
-9.208113
-8.585662
-7.686375
-6.623533
-5.941630
-5.538111
-4.981227
-4.417140
-4.130510
-4.095109
-4.225122
-4.672653
-5.382828
-6.212633
-7.248492
-8.389936
-9.453504
-10.503870
-11.721770
-12.963680
-13.455940
-12.881280
-11.605380
-10.150010
-9.020886
-8.079662
-6.931259
-5.744195
-4.814445
-3.987333
-3.034172
-1.866733
-0.524845
0.759364
1.707535
2.267384
2.664724
3.175008
3.780006
4.479990
5.359638
6.197328
6.839346
7.383022
7.915659
8.400646
8.691933
8.671721
8.368239
7.847997
7.111960
6.135731
4.977519
3.758839
2.556279
1.487556
0.755012
0.341501
0.097057
0.030319
0.084367
0.189275
0.428011
0.865907
1.494574
2.267219
3.130815
3.979021
4.729751
5.427487
6.059530
6.576026
6.970343
7.167797
7.142718
6.971357
6.672536
6.287966
5.919928
5.541160
5.057408
4.369810
3.404077
2.332503
1.340239
0.311807
-0.750638
-1.529301
-1.727747
-1.461753
-0.993748
-0.293327
0.451427
0.980645
1.351379
1.638747
1.857696
1.965018
1.838792
1.495112
1.069750
0.711947
0.549490
0.521327
0.598146
0.822512
1.072955
1.286065
1.495139
1.578986
1.483085
1.334065
1.248999
1.180357
0.968205
0.493183
-0.266871
-1.206691
-1.908092
-2.179508
-2.312072
-2.339693
-2.151655
-1.801761
-1.482374
-1.263494
-1.018206
-0.790375
-0.681897
-0.638619
-0.523250
-0.283182
-0.020516
0.214784
0.449898
0.650045
0.747228
0.735332
0.602452
0.351308
0.095318
-0.089156
-0.287274
-0.492064
-0.540456
-0.444500
-0.344693
-0.286550
-0.208902
-0.086343
-0.018858
-0.045860
-0.130530
-0.260239
-0.370065
-0.451592
-0.552975
-0.636118
-0.702733
-0.811707
-0.957857
-1.129878
-1.342471
-1.596337
-1.889825
-2.215216
-2.506861
-2.747660
-2.951804
-3.085365
-3.228052
-3.433005
-3.620859
-3.757022
-3.814768
-3.728833
-3.500355
-3.201163
-2.862705
-2.448154
-1.943936
-1.388795
-0.898995
-0.636852
-0.601949
-0.621911
-0.581293
-0.490924
-0.389783
-0.258964
-0.059976
0.219604
0.507662
0.728922
0.931607
1.125771
1.233745
1.205724
1.004740
0.680465
0.335927
0.012647
-0.257322
-0.493907
-0.743082
-1.036248
-1.376664
-1.716304
-2.050327
-2.350921
-2.478748
-2.318406
-1.948640
-1.580303
-1.278349
-0.992569
-0.657560
-0.215073
0.253091
0.568099
0.725276
0.855966
0.971113
1.074582
1.201949
1.313023
1.386914
1.442660
1.475518
1.506799
1.560919
1.617355
1.651979
1.663853
1.684869
1.784258
2.011730
2.366478
2.597309
2.559715
2.449776
2.240004
1.891953
1.583170
1.307819
1.000181
0.751331
0.594790
0.525145
0.523951
0.531168
0.586910
0.757009
1.087326
1.588329
2.140180
2.641894
3.065101
3.389819
3.649976
3.912346
4.180822
4.407174
4.581839
4.720133
4.813169
4.878376
4.965032
5.068646
5.121838
5.117807
5.149284
5.188039
5.194013
5.256549
5.328299
5.328651
5.313602
5.339180
5.394170
5.478892
5.634937
5.845253
6.073748
6.314600
6.533219
6.710156
6.850499
6.944872
7.005169
7.068584
7.184699
7.403258
7.663735
7.879455
8.011287
8.052532
8.009008
7.901682
7.808272
7.699841
7.551628
7.432704
7.343592
7.300767
7.361144
7.454019
7.465019
7.402583
7.286926
7.127395
6.953549
6.735222
6.437407
6.104816
5.795608
5.556236
5.424072
5.338566
5.313838
5.466978
5.765226
6.056649
6.250857
6.382459
6.511147
6.620831
6.634699
6.514777
6.352361
6.221549
6.183520
6.210130
6.181491
6.080980
5.900176
5.626290
5.299290
4.976258
4.615306
4.169163
3.711806
3.275728
2.821011
2.359110
1.934064
1.600665
1.431653
1.377438
1.290489
1.222299
1.282425
1.415305
1.568086
1.684346
1.615713
1.376574
1.123110
0.894386
0.707620
0.524384
0.281109
-0.002829
-0.338018
-0.714595
-0.978102
-1.104281
-1.313833
-1.677730
-2.122332
-2.584917
-2.966536
-3.198794
-3.321120
-3.380329
-3.351762
-3.275919
-3.241241
-3.248130
-3.261380
-3.266787
-3.308155
-3.459019
-3.705005
-3.977759
-4.175405
-4.236255
-4.236281
-4.273009
-4.329218
-4.345790
-4.330165
-4.325574
-4.335963
-4.321236
-4.275899
-4.233205
-4.216185
-4.221566
-4.242212
-4.304576
-4.419103
-4.519459
-4.589314
-4.679400
-4.731930
-4.710634
-4.679275
-4.699091
-4.850901
-5.071076
-5.251290
-5.404921
-5.502397
-5.555479
-5.629295
-5.688096
-5.693879
-5.664919
-5.595228
-5.530669
-5.536182
-5.589402
-5.637445
-5.665668
-5.660864
-5.635231
-5.695613
-5.778350
-5.810268
-5.847191
-5.864146
-5.910327
-6.033982
-6.199630
-6.381709
-6.537084
-6.652620
-6.760972
-6.870580
-6.981173
-7.029139
-6.977864
-6.956068
-6.983260
-6.978370
-6.968580
-6.966080
-6.952966
-6.938562
-6.939974
-6.965906
-7.013995
-7.082307
-7.143269
-7.164594
-7.160363
-7.167237
-7.183962
-7.171741
-7.129447
-7.087963
-7.057634
-7.014976
-6.945025
-6.858680
-6.762426
-6.673928
-6.597575
-6.516776
-6.438065
-6.371712
-6.312832
-6.256790
-6.194486
-6.180762
-6.288258
-6.480398
-6.682681
-6.854631
-6.961987
-6.979595
-6.921456
-6.793755
-6.604035
-6.336055
-5.973289
-5.573030
-5.250794
-5.035523
-4.864624
-4.713518
-4.557547
-4.391501
-4.217469
-4.042608
-3.913286
-3.827050
-3.721695
-3.593008
-3.476255
-3.403635
-3.384334
-3.376871
-3.371048
-3.396539
-3.380370
-3.263018
-3.078168
-2.797560
-2.396032
-1.911603
-1.405403
-0.960818
-0.638768
-0.477061
-0.425714
-0.433127
-0.478307
-0.515788
-0.551958
-0.583651
-0.601167
-0.572649
-0.483745
-0.351334
-0.193744
-0.072058
0.005318
0.074088
0.121235
0.138661
0.142977
0.179369
0.278046
0.424280
0.615242
0.779303
0.828468
0.805299
0.768738
0.716879
0.673684
0.639591
0.569327
0.488586
0.445997
0.430154
0.433629
0.473455
0.547824
0.629842
0.688263
0.705299
0.676073
0.590268
0.438235
0.234283
-0.010464
-0.280097
-0.558101
-0.849242
-1.152548
-1.449089
-1.713728
-1.925594
-2.024520
-1.980989
-1.822118
-1.559701
-1.255834
-0.973802
-0.723995
-0.504669
-0.337119
-0.259288
-0.268707
-0.352442
-0.432814
-0.417313
-0.363573
-0.300134
-0.180716
-0.053802
0.007251
-0.043875
-0.245576
-0.527623
-0.791067
-1.010925
-1.238357
-1.496363
-1.737398
-1.907167
-1.970666
-1.985490
-2.000384
-2.031920
-2.109139
-2.229842
-2.350412
-2.457980
-2.585141
-2.711249
-2.786252
-2.823106
-2.868104
-2.932393
-2.994985
-3.052995
-3.140693
-3.271398
-3.419712
-3.538531
-3.605858
-3.663590
-3.728042
-3.780159
-3.808434
-3.807442
-3.776741
-3.696478
-3.566540
-3.414992
-3.237568
-3.043623
-2.877773
-2.732115
-2.569811
-2.400089
-2.230311
-2.050390
-1.875089
-1.723089
-1.587303
-1.435735
-1.248135
-1.038664
-0.872506
-0.827975
-0.919499
-1.118991
-1.346232
-1.523846
-1.659833
-1.782188
-1.888487
-1.934025
-1.882687
-1.757374
-1.635035
-1.563439
-1.575574
-1.747218
-2.013992
-2.253594
-2.440536
-2.596812
-2.754540
-2.870998
-2.922974
-2.939785
-2.933902
-2.940626
-2.951999
-2.963460
-3.023156
-3.087804
-3.093433
-3.071649
-3.080420
-3.127927
-3.166948
-3.175890
-3.201753
-3.272196
-3.344209
-3.394065
-3.447422
-3.517537
-3.585717
-3.636753
-3.674905
-3.699997
-3.713040
-3.739129
-3.788006
-3.791886
-3.681034
-3.527035
-3.446237
-3.377556
-3.228472
-3.062343
-2.956478
-2.893754
-2.796997
-2.640224
-2.470056
-2.341351
-2.285152
-2.285535
-2.259461
-2.144053
-2.002510
-1.934372
-1.948930
-2.023701
-2.091322
-2.060121
-2.011978
-2.004259
-1.958575
-1.852036
-1.699679
-1.491888
-1.224053
-0.976066
-0.876381
-0.910990
-0.895711
-0.809521
-0.801575
-0.861687
-0.874053
-0.799276
-0.640744
-0.442725
-0.318737
-0.260633
-0.218564
-0.192265
-0.165731
-0.220619
-0.400477
-0.614738
-0.736361
-0.707998
-0.674090
-0.750510
-0.855190
-0.924176
-0.981646
-1.036856
-1.100683
-1.202735
-1.337339
-1.484151
-1.588166
-1.621113
-1.626480
-1.619752
-1.563062
-1.444774
-1.265352
-1.048029
-0.893571
-0.844505
-0.870782
-0.943740
-1.049436
-1.195612
-1.376402
-1.570902
-1.732513
-1.839522
-1.928377
-2.032635
-2.138602
-2.195359
-2.188854
-2.123067
-1.955071
-1.681692
-1.371737
-1.046915
-0.689159
-0.322385
0.007938
0.265387
0.426807
0.490948
0.457592
0.357181
0.291257
0.269626
0.204835
0.101872
0.000447
-0.071604
-0.064206
0.022459
0.096247
0.099733
0.063296
0.028127
0.021867
0.025303
0.025897
0.053534
0.129014
0.233246
0.343858
0.466683
0.600283
0.750925
0.935307
1.151903
1.400185
1.686031
1.984934
2.241224
2.426008
2.558964
2.650873
2.672008
2.584892
2.406047
2.227938
2.087643
1.956593
1.848990
1.774929
1.724960
1.701142
1.704617
1.713416
1.673642
1.559707
1.327019
1.009253
0.692852
0.363254
0.054704
-0.215815
-0.475167
-0.715239
-0.939739
-1.102137
-1.155310
-1.085532
-0.864414
-0.512018
-0.115887
0.287312
0.752214
1.250531
1.633940
1.786396
1.698318
1.418836
1.009533
0.569676
0.136001
-0.303101
-0.652647
-0.886024
-1.088500
-1.230623
-1.248029
-1.177586
-1.043561
-0.871163
-0.742763
-0.664134
-0.563523
-0.460531
-0.431380
-0.472529
-0.557799
-0.648887
-0.687589
-0.700093
-0.758354
-0.911498
-1.119390
-1.314723
-1.487045
-1.615262
-1.679993
-1.692869
-1.662271
-1.587560
-1.493672
-1.371663
-1.176645
-0.896674
-0.571598
-0.286893
-0.090980
0.025892
0.071251
0.057741
0.011033
-0.067312
-0.199292
-0.394391
-0.628586
-0.884523
-1.161556
-1.411313
-1.576583
-1.665089
-1.686059
-1.623284
-1.498419
-1.359224
-1.210999
-1.043848
-0.894440
-0.801946
-0.754368
-0.681573
-0.555726
-0.444972
-0.401292
-0.413227
-0.447138
-0.478234
-0.536231
-0.674063
-0.878293
-1.076196
-1.201334
-1.240766
-1.226184
-1.257466
-1.366947
-1.498105
-1.638719
-1.730698
-1.755997
-1.752188
-1.697777
-1.579093
-1.409202
-1.227790
-1.074020
-0.963027
-0.952898
-1.040233
-1.161429
-1.333427
-1.560671
-1.787218
-1.996266
-2.201000
-2.372212
-2.487223
-2.555870
-2.559294
-2.465353
-2.277486
-2.052387
-1.864188
-1.705587
-1.541417
-1.330401
-1.090522
-0.923898
-0.969228
-1.197028
-1.407021
-1.569187
-1.748460
-1.959793
-2.189241
-2.416657
-2.572990
-2.621896
-2.663241
-2.770348
-2.912921
-3.026857
-3.009363
-2.882573
-2.777245
-2.690997
-2.578889
-2.447239
-2.298014
-2.127644
-1.932897
-1.718911
-1.523975
-1.373810
-1.255176
-1.150517
-1.023206
-0.901677
-0.840801
-0.820087
-0.836029
-0.906537
-1.027603
-1.200883
-1.433830
-1.735504
-2.101938
-2.448997
-2.705532
-2.863926
-2.879620
-2.725115
-2.458761
-2.156936
-1.844245
-1.527018
-1.250097
-1.093766
-1.015755
-0.938535
-0.900245
-0.908628
-0.969375
-1.105956
-1.252514
-1.360259
-1.464242
-1.585084
-1.692237
-1.723682
-1.663736
-1.540174
-1.424623
-1.383345
-1.409905
-1.483224
-1.562254
-1.644556
-1.780041
-1.970235
-2.160077
-2.299087
-2.393339
-2.466022
-2.543634
-2.617026
-2.623462
-2.565204
-2.469640
-2.359510
-2.258263
-2.148954
-2.025135
-1.929522
-1.896462
-1.911928
-1.924284
-1.865482
-1.736300
-1.578741
-1.400707
-1.197010
-0.979840
-0.759548
-0.525109
-0.297988
-0.125651
-0.011251
0.046794
0.045567
0.020469
-0.017326
-0.079483
-0.157738
-0.247963
-0.338592
-0.411366
-0.485270
-0.580700
-0.669070
-0.714695
-0.724200
-0.714230
-0.678174
-0.598194
-0.463516
-0.288170
-0.084883
0.150356
0.401121
0.629031
0.817515
0.966620
1.063803
1.103559
1.101898
1.111776
1.159630
1.195980
1.218322
1.290826
1.415676
1.549152
1.659483
1.731917
1.768212
1.747511
1.661543
1.572480
1.532921
1.528286
1.566950
1.664009
1.793443
1.950405
2.144380
2.345177
2.506678
2.630236
2.764482
2.955895
3.200767
3.422581
3.531121
3.540149
3.563907
3.641660
3.738465
3.842100
3.931847
3.991631
4.001767
3.957309
3.895399
3.822041
3.725333
3.632998
3.610447
3.674852
3.786330
3.947571
4.172678
4.423966
4.626346
4.760902
4.832761
4.798842
4.651902
4.417074
4.191893
4.051482
3.901469
3.711605
3.568539
3.490174
3.448790
3.439446
3.466479
3.511993
3.535472
3.533413
3.544925
3.584203
3.626757
3.649923
3.658086
3.663871
3.684209
3.699379
3.650912
3.549757
3.425811
3.263405
3.085794
2.918631
2.735757
2.550016
2.394819
2.269503
2.192088
2.186071
2.257470
2.369923
2.477388
2.563827
2.605345
2.588906
2.515765
2.424514
2.392389
2.408853
2.399604
2.365269
2.344822
2.348308
2.368010
2.393958
2.419405
2.451639
2.502437
2.566086
2.610339
2.613837
2.585452
2.533712
2.467799
2.390323
2.295808
2.182269
2.049563
1.897942
1.742465
1.613838
1.492193
1.321226
1.101178
0.860207
0.655780
0.527738
0.454471
0.421942
0.419458
0.447246
0.523960
0.637272
0.715426
0.731811
0.699774
0.614454
0.526013
0.464122
0.388595
0.271869
0.119963
-0.062529
-0.236706
-0.326694
-0.355535
-0.401331
-0.459247
-0.498668
-0.527409
-0.565271
-0.642998
-0.770854
-0.940060
-1.158192
-1.420633
-1.656626
-1.810519
-1.916163
-2.006362
-2.074904
-2.115685
-2.108626
-2.024172
-1.894322
-1.782614
-1.690042
-1.579946
-1.434485
-1.256234
-1.053970
-0.838487
-0.633651
-0.459077
-0.355192
-0.335683
-0.379097
-0.513089
-0.752544
-1.058162
-1.416145
-1.833824
-2.281318
-2.718459
-3.103622
-3.370978
-3.515896
-3.586748
-3.585336
-3.511542
-3.376901
-3.185472
-2.980943
-2.788905
-2.579075
-2.364088
-2.180410
-2.022076
-1.891215
-1.804762
-1.758872
-1.748599
-1.752067
-1.750391
-1.752096
-1.756826
-1.762999
-1.774260
-1.788835
-1.798412
-1.795093
-1.777100
-1.733542
-1.657128
-1.554676
-1.453985
-1.384590
-1.342824
-1.325803
-1.329968
-1.344179
-1.371859
-1.413750
-1.463703
-1.495473
-1.476336
-1.411374
-1.318598
-1.197283
-1.051046
-0.908382
-0.805887
-0.748446
-0.722789
-0.730644
-0.740540
-0.725566
-0.715777
-0.715092
-0.698251
-0.666305
-0.625878
-0.581364
-0.542148
-0.501256
-0.450757
-0.400768
-0.363461
-0.340075
-0.320684
-0.291303
-0.249543
-0.198769
-0.134963
-0.057482
0.030531
0.115623
0.188205
0.253192
0.314593
0.377753
0.444098
0.515915
0.608020
0.726036
0.865459
1.021644
1.171178
1.301900
1.424070
1.551501
1.690931
1.819949
1.927328
2.023006
2.109532
2.196752
2.289865
2.373234
2.409847
2.389986
2.363083
2.358434
2.364929
2.371713
2.350541
2.287596
2.203560
2.114007
2.056454
2.056717
2.091601
2.132936
2.179526
2.249904
2.346016
2.458192
2.561338
2.633177
2.686956
2.771836
2.907928
3.055646
3.210683
3.384868
3.512710
3.538529
3.509984
3.449221
3.313706
3.081089
2.762443
2.442732
2.186619
1.939843
1.690035
1.502008
1.427691
1.460331
1.554586
1.694787
1.871502
2.077177
2.299703
2.492782
2.633472
2.735623
2.804566
2.842035
2.847850
2.823142
2.770309
2.689139
2.579262
2.441055
2.274426
2.077668
1.848855
1.597017
1.363765
1.171605
1.008363
0.897740
0.868280
0.905068
0.975739
1.045082
1.087891
1.106103
1.115516
1.129891
1.140328
1.129340
1.102006
1.082964
1.099337
1.148013
1.199299
1.238185
1.250305
1.220699
1.151754
1.042052
0.912768
0.811827
0.735197
0.656116
0.585746
0.541897
0.547228
0.603329
0.653282
0.645791
0.587725
0.507460
0.413845
0.300356
0.173113
0.062699
-0.007153
-0.016190
0.051596
0.129086
0.186132
0.258078
0.337792
0.421815
0.491178
0.507963
0.456070
0.366572
0.305967
0.275575
0.227044
0.161268
0.102011
0.076190
0.097186
0.156208
0.232180
0.290371
0.353451
0.459921
0.590922
0.736915
0.885449
1.011286
1.116869
1.194881
1.234368
1.240114
1.211419
1.146021
1.071781
1.039109
1.047742
1.081580
1.151922
1.231779
1.296505
1.358288
1.414212
1.457355
1.491392
1.516344
1.538638
1.584741
1.658878
1.721011
1.758247
1.790553
1.827163
1.868170
1.912896
1.964281
2.017557
2.061528
2.096799
2.134068
2.177022
2.223284
2.274074
2.330211
2.379812
2.409083
2.419825
2.421253
2.426535
2.430846
2.411258
2.368137
2.310682
2.258314
2.228531
2.214104
2.216399
2.235817
2.266026
2.309010
2.362267
2.398219
2.395992
2.363319
2.298755
2.209197
2.127050
2.058542
2.000935
1.969849
1.965794
1.985306
2.030943
2.081256
2.114483
2.125132
2.105067
2.055350
1.998767
1.956744
1.924509
1.896056
1.869926
1.844520
1.828308
1.841198
1.887883
1.924743
1.898093
1.810857
1.690428
1.568705
1.473378
1.401223
1.354556
1.340269
1.349411
1.374369
1.417786
1.479476
1.550911
1.611206
1.651267
1.677292
1.681403
1.653313
1.596699
1.540894
1.517983
1.518991
1.514794
1.501050
1.484542
1.458981
1.414196
1.343502
1.247364
1.126419
0.984799
0.846281
0.734128
0.651795
0.592623
0.554295
0.539979
0.535164
0.524062
0.530771
0.560092
0.582952
0.601302
0.623511
0.644049
0.656259
0.658281
0.658863
0.659580
0.645415
0.608813
0.554159
0.479977
0.388124
0.295321
0.208066
0.117507
0.021024
-0.079290
-0.172441
-0.237705
-0.273340
-0.291120
-0.307605
-0.332104
-0.350909
-0.358835
-0.374873
-0.406138
-0.444199
-0.487980
-0.523750
-0.542359
-0.549602
-0.543907
-0.523131
-0.488737
-0.444152
-0.405207
-0.380775
-0.357219
-0.324175
-0.284711
-0.247583
-0.231246
-0.242637
-0.264486
-0.283333
-0.301949
-0.325732
-0.354197
-0.381432
-0.397447
-0.408900
-0.433069
-0.469461
-0.514273
-0.569748
-0.609966
-0.611672
-0.591671
-0.554656
-0.505846
-0.463701
-0.425342
-0.392650
-0.374080
-0.367457
-0.367904
-0.368493
-0.371271
-0.384739
-0.396915
-0.379807
-0.356341
-0.387276
-0.469390
-0.564382
-0.637376
-0.678142
-0.711031
-0.754459
-0.797887
-0.796327
-0.713285
-0.567214
-0.393352
-0.200926
-0.012016
0.150709
0.272764
0.346756
0.377507
0.371050
0.334666
0.269771
0.197584
0.134825
0.063656
-0.020983
-0.093485
-0.150056
-0.219266
-0.290718
-0.322329
-0.317971
-0.294314
-0.242257
-0.160309
-0.052572
0.064441
0.157844
0.225027
0.274025
0.295108
0.288081
0.260894
0.225668
0.184671
0.132550
0.066780
-0.017807
-0.121502
-0.235589
-0.334783
-0.407804
-0.466905
-0.511033
-0.535392
-0.545227
-0.559479
-0.588925
-0.621188
-0.654013
-0.696468
-0.752602
-0.822258
-0.899105
-0.938783
-0.909851
-0.843481
-0.787481
-0.754618
-0.732478
-0.713614
-0.686543
-0.666000
-0.672548
-0.699504
-0.745331
-0.794979
-0.805560
-0.773668
-0.723803
-0.690442
-0.693442
-0.717399
-0.758544
-0.821007
-0.904437
-1.014984
-1.156211
-1.287235
-1.362119
-1.398859
-1.415350
-1.394509
-1.327110
-1.229289
-1.146634
-1.090255
-1.037819
-0.994082
-0.969427
-0.967960
-0.992080
-1.036920
-1.074841
-1.086623
-1.081816
-1.068669
-1.066361
-1.080809
-1.096668
-1.114542
-1.134219
-1.142959
-1.139460
-1.127090
-1.107480
-1.096829
-1.095656
-1.078188
-1.033807
-0.974894
-0.927005
-0.894723
-0.868265
-0.856602
-0.871238
-0.902651
-0.936212
-0.977151
-1.023803
-1.062115
-1.090362
-1.110487
-1.114650
-1.103674
-1.096753
-1.099319
-1.092306
-1.063972
-1.014786
-0.951871
-0.884816
-0.821321
-0.775821
-0.756293
-0.752224
-0.758706
-0.794498
-0.864617
-0.956339
-1.066113
-1.165762
-1.221668
-1.242134
-1.247939
-1.271022
-1.322547
-1.345417
-1.291385
-1.140278
-0.971153
-0.924793
-1.009446
-1.128847
-1.211302
-1.249769
-1.278102
-1.306493
-1.318484
-1.323439
-1.335156
-1.360041
-1.379908
-1.358006
-1.338730
-1.385836
-1.471733
-1.540225
-1.548708
-1.490297
-1.381161
-1.280097
-1.226648
-1.156359
-1.037762
-0.928459
-0.877831
-0.904105
-0.980052
-1.046862
-1.082198
-1.093970
-1.111760
-1.140872
-1.150568
-1.148288
-1.158353
-1.187338
-1.236691
-1.303609
-1.373804
-1.421161
-1.435839
-1.430518
-1.420524
-1.408689
-1.377666
-1.313805
-1.224416
-1.127936
-1.056406
-1.023310
-0.995732
-0.953960
-0.923637
-0.912762
-0.900200
-0.874382
-0.827671
-0.759226
-0.707247
-0.681859
-0.662346
-0.663110
-0.684025
-0.704048
-0.722150
-0.746602
-0.772983
-0.799872
-0.820670
-0.808442
-0.751054
-0.673946
-0.603478
-0.543343
-0.497986
-0.482596
-0.502539
-0.551733
-0.602079
-0.627075
-0.632071
-0.616253
-0.571239
-0.509055
-0.450001
-0.404394
-0.377791
-0.373479
-0.379304
-0.372368
-0.346832
-0.296237
-0.210105
-0.107113
-0.027480
0.028686
0.086993
0.132054
0.151945
0.158432
0.168476
0.193006
0.218227
0.235111
0.257933
0.293532
0.330063
0.354214
0.364907
0.355762
0.316049
0.250705
0.164661
0.076888
0.010078
-0.036298
-0.050892
-0.016768
0.062760
0.178815
0.298916
0.385372
0.426810
0.430267
0.413079
0.388854
0.357734
0.287135
0.167218
0.057613
0.009564
0.005238
0.012453
0.021554
0.015454
-0.018930
-0.074910
-0.109440
-0.108604
-0.137708
-0.211441
-0.297874
-0.363364
-0.353922
-0.254595
-0.123096
-0.023499
0.016248
0.014219
0.009095
-0.005424
-0.047985
-0.142778
-0.299588
-0.471387
-0.573369
-0.594102
-0.564302
-0.473267
-0.343875
-0.232974
-0.159228
-0.082884
-0.007009
0.019081
0.000815
-0.055607
-0.163477
-0.247063
-0.226631
-0.158370
-0.126000
-0.154557
-0.242534
-0.352000
-0.425978
-0.454050
-0.483429
-0.538029
-0.590336
-0.589846
-0.536200
-0.464118
-0.339802
-0.159813
-0.033751
-0.046239
-0.121859
-0.153572
-0.141710
-0.149348
-0.221737
-0.353986
-0.520953
-0.621550
-0.557291
-0.471739
-0.513186
-0.670755
-0.860670
-0.972260
-0.968276
-0.778673
-0.456888
-0.243911
-0.206433
-0.184682
-0.085133
-0.021322
-0.093752
-0.222701
-0.367213
-0.566965
-0.765496
-0.834249
-0.793435
-0.777335
-0.801018
-0.861651
-0.961713
-1.016948
-0.972154
-0.862637
-0.776189
-0.711103
-0.625172
-0.583857
-0.622160
-0.678530
-0.662261
-0.591955
-0.576303
-0.714201
-0.973770
-1.158811
-1.190855
-1.130789
-1.054895
-1.015988
-1.007478
-1.031957
-1.064107
-0.955297
-0.648597
-0.396387
-0.451187
-0.718974
-0.920625
-0.870820
-0.684740
-0.680558
-0.924896
-1.266310
-1.452286
-1.282998
-0.869622
-0.596619
-0.729748
-1.061145
-1.273061
-1.162209
-0.697972
-0.282332
-0.279875
-0.547030
-0.898114
-1.183479
-1.027191
-0.458144
-0.026213
0.029302
-0.205319
-0.660669
-1.055377
-0.968382
-0.527525
-0.347838
-0.550117
-0.912782
-1.320193
-1.510533
-1.253833
-0.712932
-0.337999
-0.301081
-0.265950
0.139166
0.844468
1.698543
2.448855
2.732006
2.645481
2.359780
1.971401
1.682378
1.312144
0.683313
0.108456
-0.184529
-0.460272
-0.855632
-1.187248
-1.410587
-1.336778
-0.950581
-0.651756
-0.488700
-0.388046
-0.528590
-0.866156
-1.158423
-1.305400
-1.329010
-1.341573
-1.360919
-1.207028
-0.857387
-0.548646
-0.408272
-0.366059
-0.417515
-0.520975
-0.500127
-0.343743
-0.241186
-0.278048
-0.401526
-0.575223
-0.779608
-0.987307
-1.097729
-0.943468
-0.792765
-0.872666
-0.864035
-0.627586
-0.389067
-0.382835
-0.601577
-0.889191
-1.069763
-1.057505
-1.063675
-1.177871
-1.215937
-1.162145
-1.054748
-0.842480
-0.550842
-0.286241
-0.101911
0.050244
0.246420
0.509406
0.770305
1.013323
1.322894
1.696534
2.081482
2.397302
2.533438
2.508955
2.411948
2.231637
1.854722
1.158507
0.272643
-0.325852
-0.410224
-0.275167
-0.165392
-0.052198
0.213032
0.671948
1.242520
1.922315
2.562764
2.847397
2.696466
2.209854
1.519013
0.769280
0.031111
-0.679110
-1.273979
-1.619229
-1.648752
-1.408787
-0.977809
-0.371653
0.249249
0.673288
0.972691
1.234850
1.381132
1.374929
1.206231
0.966297
0.805548
0.731616
0.687774
0.637587
0.547891
0.467655
0.497141
0.586631
0.563263
0.446467
0.279118
-0.013244
-0.400925
-0.824731
-1.233207
-1.598398
-1.950873
-2.129646
-1.912822
-1.500605
-1.167005
-0.766316
-0.097741
0.761369
1.433215
1.665263
1.762564
1.880431
1.842695
1.688090
1.535741
1.451908
1.429575
1.311466
1.015420
0.579845
0.019533
-0.644030
-1.225383
-1.602973
-1.826825
-1.665508
-0.986173
0.011541
1.081244
2.025424
2.793474
3.453977
3.965049
4.073191
3.788558
3.236943
2.378460
1.302210
0.308640
-0.399679
-0.835628
-1.168319
-1.569702
-1.941106
-2.050724
-1.863038
-1.585864
-1.276277
-0.889411
-0.640627
-0.679891
-0.849684
-1.041794
-1.177904
-1.168241
-1.038017
-0.790478
-0.476321
-0.199182
0.086653
0.430344
0.780481
1.117233
1.383414
1.484505
1.456833
1.356576
1.117555
0.748348
0.403064
0.141358
-0.109933
-0.406162
-0.747274
-1.043330
-1.242913
-1.416486
-1.583832
-1.692615
-1.680857
-1.544309
-1.348900
-1.086796
-0.728704
-0.287002
0.245376
0.831499
1.368999
1.760339
1.973911
2.080063
2.094585
1.999075
1.852245
1.705124
1.534045
1.287540
0.969240
0.640522
0.420878
0.312881
0.229626
0.169417
0.150140
0.215415
0.381629
0.520556
0.552273
0.540841
0.518844
0.481973
0.436044
0.361985
0.240235
0.093236
-0.034262
-0.134879
-0.223653
-0.282186
-0.288072
-0.246625
-0.168103
-0.052628
0.077231
0.209166
0.356039
0.500771
0.605268
0.649295
0.633259
0.590722
0.545501
0.493563
0.439610
0.375310
0.295765
0.204349
0.095384
-0.031924
-0.156213
-0.258467
-0.353861
-0.454545
-0.532469
-0.538149
-0.451140
-0.294543
-0.090827
0.159885
0.456883
0.786786
1.118000
1.377620
1.530653
1.652170
1.785674
1.901360
1.965369
1.951661
1.877234
1.798435
1.745486
1.683029
1.578546
1.450721
1.360567
1.350264
1.359497
1.342223
1.333747
1.342561
1.354799
1.372288
1.388775
1.393813
1.390351
1.382900
1.380740
1.391467
1.405460
1.410270
1.409382
1.406564
1.407108
1.433959
1.498644
1.587603
1.671355
1.740292
1.801486
1.833136
1.813826
1.755602
1.693347
1.631785
1.546059
1.442292
1.333572
1.203532
1.042915
0.899335
0.808807
0.764452
0.766414
0.812975
0.896442
0.983588
1.047891
1.118971
1.231081
1.377674
1.514817
1.605740
1.657023
1.672423
1.658629
1.643875
1.629788
1.605476
1.561955
1.478657
1.379597
1.315807
1.288239
1.269441
1.240669
1.210011
1.203349
1.212869
1.208954
1.195114
1.178633
1.144951
1.089700
1.018635
0.949373
0.900240
0.867232
0.840837
0.817786
0.801008
0.791054
0.777540
0.745261
0.694460
0.636009
0.568068
0.487974
0.405468
0.335659
0.280515
0.242067
0.249889
0.318175
0.427992
0.569991
0.730361
0.891022
1.054332
1.213703
1.350956
1.447970
1.496996
1.517103
1.516192
1.501379
1.500909
1.517181
1.536006
1.544053
1.523995
1.487325
1.469579
1.473455
1.475375
1.452063
1.391242
1.308314
1.219614
1.121179
1.008955
0.872505
0.699608
0.498401
0.305212
0.154970
0.038933
-0.064042
-0.156436
-0.233994
-0.292346
-0.312242
-0.289650
-0.236441
-0.155069
-0.059662
0.042928
0.154506
0.245249
0.280429
0.244189
0.172263
0.134544
0.130133
0.112581
0.072436
0.007828
-0.100071
-0.222631
-0.291434
-0.318533
-0.348599
-0.382745
-0.422894
-0.467311
-0.490575
-0.476652
-0.438594
-0.404666
-0.392161
-0.383951
-0.366637
-0.345369
-0.320921
-0.288636
-0.250222
-0.206611
-0.156674
-0.098846
-0.037607
-0.003028
-0.011914
-0.053931
-0.129733
-0.227379
-0.326738
-0.418778
-0.495836
-0.541983
-0.541173
-0.496434
-0.418290
-0.313066
-0.194024
-0.095900
-0.027885
0.023134
0.058580
0.088701
0.115606
0.129067
0.115921
0.051901
-0.057409
-0.150437
-0.210995
-0.275572
-0.340672
-0.393853
-0.437703
-0.464329
-0.471090
-0.468214
-0.478040
-0.510956
-0.550496
-0.579099
-0.596218
-0.610815
-0.626381
-0.636433
-0.627865
-0.600198
-0.557092
-0.507740
-0.471706
-0.450031
-0.438774
-0.443657
-0.455363
-0.452111
-0.435156
-0.419503
-0.389491
-0.324687
-0.233364
-0.140742
-0.060434
0.017616
0.091565
0.140969
0.160291
0.155893
0.127229
0.072517
-0.000873
-0.078421
-0.157810
-0.242598
-0.327750
-0.393957
-0.417491
-0.396679
-0.339668
-0.255013
-0.156660
-0.060751
0.021265
0.084443
0.117182
0.109579
0.070660
0.050462
0.064215
0.074380
0.074237
0.063290
0.027769
-0.043874
-0.129606
-0.210801
-0.317256
-0.451067
-0.569472
-0.616717
-0.565134
-0.488183
-0.433102
-0.371620
-0.318288
-0.294653
-0.304869
-0.355237
-0.443186
-0.539109
-0.585235
-0.548737
-0.473944
-0.432382
-0.404336
-0.346039
-0.285956
-0.263281
-0.282492
-0.296862
-0.242465
-0.152074
-0.091030
-0.063833
-0.071450
-0.100891
-0.116831
-0.124569
-0.152645
-0.193433
-0.229016
-0.243740
-0.234100
-0.212440
-0.193426
-0.177213
-0.148009
-0.105739
-0.066980
-0.030193
0.026403
0.107532
0.204153
0.299534
0.381605
0.455746
0.513211
0.526556
0.495381
0.446934
0.382298
0.293429
0.189233
0.091773
0.019981
-0.030565
-0.066936
-0.089577
-0.098679
-0.094951
-0.086562
-0.092388
-0.117985
-0.156574
-0.201018
-0.245111
-0.292541
-0.349738
-0.418432
-0.486374
-0.534208
-0.562482
-0.577708
-0.577847
-0.568431
-0.551945
-0.526340
-0.495737
-0.479429
-0.489722
-0.520011
-0.567461
-0.613322
-0.642909
-0.664378
-0.682129
-0.699141
-0.716311
-0.733903
-0.754382
-0.777563
-0.802900
-0.830871
-0.854969
-0.856131
-0.815586
-0.731444
-0.639673
-0.579689
-0.533562
-0.479796
-0.431286
-0.388880
-0.345153
-0.311040
-0.303528
-0.318274
-0.343006
-0.380031
-0.423746
-0.464304
-0.495873
-0.503313
-0.485408
-0.448155
-0.395522
-0.357228
-0.347880
-0.355834
-0.369062
-0.374556
-0.379476
-0.392856
-0.409101
-0.427662
-0.446860
-0.461010
-0.475263
-0.495593
-0.513995
-0.503723
-0.454817
-0.402798
-0.370434
-0.345718
-0.331698
-0.342377
-0.375999
-0.428895
-0.482905
-0.507657
-0.516915
-0.533504
-0.544020
-0.527317
-0.473955
-0.387145
-0.293217
-0.226857
-0.188376
-0.174662
-0.177493
-0.163056
-0.133609
-0.116965
-0.111172
-0.108769
-0.097798
-0.057494
-0.007946
0.015222
0.013398
-0.008452
-0.046861
-0.087113
-0.134011
-0.192687
-0.253991
-0.303323
-0.331415
-0.347043
-0.367971
-0.399780
-0.423565
-0.422863
-0.393696
-0.356079
-0.337647
-0.324342
-0.295879
-0.257382
-0.221270
-0.205080
-0.215952
-0.242298
-0.267466
-0.290358
-0.318488
-0.350744
-0.384924
-0.412418
-0.422111
-0.418056
-0.414415
-0.423860
-0.446589
-0.477067
-0.508828
-0.541661
-0.581778
-0.625338
-0.664397
-0.696617
-0.724244
-0.748523
-0.767018
-0.777385
-0.781406
-0.782396
-0.773263
-0.743296
-0.697503
-0.655605
-0.632222
-0.623687
-0.623224
-0.621814
-0.615752
-0.609074
-0.607324
-0.614889
-0.622946
-0.621793
-0.614359
-0.613595
-0.630626
-0.659915
-0.682423
-0.692476
-0.696908
-0.694340
-0.682544
-0.663521
-0.638055
-0.606074
-0.571244
-0.542342
-0.521671
-0.506594
-0.499215
-0.499769
-0.501548
-0.500027
-0.500426
-0.504622
-0.507176
-0.505366
-0.502443
-0.502653
-0.504612
-0.503008
-0.495637
-0.485735
-0.476878
-0.467871
-0.454933
-0.437932
-0.418334
-0.398620
-0.384018
-0.377664
-0.379143
-0.385931
-0.391045
-0.389991
-0.384146
-0.374353
-0.355961
-0.326273
-0.293641
-0.268188
-0.253010
-0.247317
-0.246510
-0.238683
-0.218041
-0.189949
-0.163973
-0.145934
-0.138201
-0.142389
-0.152528
-0.166472
-0.189293
-0.218974
-0.246399
-0.263726
-0.267122
-0.253601
-0.230451
-0.208549
-0.186039
-0.161159
-0.136874
-0.113862
-0.092039
-0.072104
-0.056169
-0.045448
-0.038506
-0.032562
-0.025089
-0.018464
-0.015564
-0.014678
-0.013045
-0.010249
-0.008335
-0.007363
-0.005099
-0.001027
0.003804
0.008804
0.013430
0.017354
0.021120
0.025269
0.029375
0.033231
0.037523
0.042316
0.047184
0.051832
0.056195
0.060274
0.063918
0.067155
0.070463
0.074083
0.077638
0.080735
0.083399
0.086025
0.088797
0.091584
0.094243
0.096701
0.098991
0.101199
0.103337
0.105271
0.106760
0.107731
0.108602
0.109636
0.110664
0.111693
0.112782
0.113876
0.114934
0.115962
0.116989
0.117989
0.118887
0.119626
0.120213
0.120665
0.121017
0.121315
0.121553
0.121723
0.121828
0.121824
0.121672
0.121380
0.120967
0.120465
0.119905
0.119272
0.118549
0.117744
0.116871
0.115938
0.114940
0.113870
0.112720
0.111491
0.110190
0.108825
0.107395
0.105894
0.104327
0.102693
0.100991
0.099224
0.097391
0.095495
0.093536
0.091517
0.089436
0.087296
0.085096
0.082837
0.080523
0.078154
0.075731
0.073256
0.070729
0.068151
0.065525
0.062852
0.060132
0.057367
0.054558
0.051707
0.048815
0.045882
0.042911
0.039903
0.036859
0.033780
0.030668
0.027524
0.024350
0.021146
0.017914
0.014656
0.011373
0.008065
0.004735
0.001384
